#K-Path(1/A) Energy-Level(eV)
# NKPTS & NBANDS: 180  14
# Band-Index:    1
   0.00000    -56.994631
   0.06296    -56.994266
   0.12592    -56.993174
   0.18887    -56.991398
   0.25183    -56.988993
   0.31479    -56.986001
   0.37775    -56.982512
   0.44070    -56.978622
   0.50366    -56.974425
   0.56662    -56.970050
   0.62958    -56.965613
   0.69253    -56.961250
   0.75549    -56.957048
   0.81845    -56.953135
   0.88141    -56.949619
   0.94436    -56.946585
   1.00732    -56.944145
   1.07028    -56.942349
   1.13324    -56.941251
   1.19619    -56.940901
   1.19619    -56.940901
   1.23254    -56.940855
   1.26889    -56.940730
   1.30524    -56.940527
   1.34159    -56.940254
   1.37794    -56.939913
   1.41429    -56.939515
   1.45063    -56.939071
   1.48698    -56.938570
   1.52333    -56.938045
   1.55968    -56.937501
   1.59603    -56.936946
   1.63238    -56.936403
   1.66873    -56.935898
   1.70507    -56.935425
   1.74142    -56.934998
   1.77777    -56.934646
   1.81412    -56.934377
   1.85047    -56.934198
   1.88682    -56.934124
   1.88682    -56.934124
   1.95951    -56.934402
   2.03221    -56.935248
   2.10491    -56.936714
   2.17761    -56.938854
   2.25030    -56.941664
   2.32300    -56.945117
   2.39570    -56.949151
   2.46839    -56.953688
   2.54109    -56.958577
   2.61379    -56.963705
   2.68649    -56.968910
   2.75918    -56.974031
   2.83188    -56.978885
   2.90458    -56.983330
   2.97727    -56.987205
   3.04997    -56.990356
   3.12267    -56.992700
   3.19537    -56.994145
   3.26806    -56.994631
   3.26806    -56.994631
   3.31933    -56.994529
   3.37060    -56.994227
   3.42187    -56.993727
   3.47314    -56.993076
   3.52442    -56.992269
   3.57569    -56.991307
   3.62696    -56.990234
   3.67823    -56.989080
   3.72950    -56.987866
   3.78077    -56.986655
   3.83204    -56.985450
   3.88331    -56.984314
   3.93458    -56.983239
   3.98585    -56.982264
   4.03712    -56.981436
   4.08839    -56.980775
   4.13966    -56.980264
   4.19093    -56.979964
   4.24220    -56.979852
   4.24220    -56.979852
   4.30516    -56.979492
   4.36812    -56.978439
   4.43107    -56.976688
   4.49403    -56.974307
   4.55699    -56.971359
   4.61995    -56.967918
   4.68290    -56.964075
   4.74586    -56.959940
   4.80882    -56.955634
   4.87178    -56.951260
   4.93473    -56.946936
   4.99769    -56.942789
   5.06065    -56.938931
   5.12361    -56.935470
   5.18657    -56.932499
   5.24952    -56.930101
   5.31248    -56.928322
   5.37544    -56.927242
   5.43840    -56.926890
   5.43840    -56.926890
   5.47474    -56.926835
   5.51109    -56.926716
   5.54744    -56.926521
   5.58379    -56.926252
   5.62014    -56.925909
   5.65649    -56.925501
   5.69284    -56.925053
   5.72918    -56.924579
   5.76553    -56.924067
   5.80188    -56.923539
   5.83823    -56.923014
   5.87458    -56.922485
   5.91093    -56.921979
   5.94728    -56.921513
   5.98362    -56.921106
   6.01997    -56.920761
   6.05632    -56.920504
   6.09267    -56.920344
   6.12902    -56.920286
   6.12902    -56.920286
   6.20172    -56.920533
   6.27441    -56.921349
   6.34711    -56.922793
   6.41981    -56.924898
   6.49250    -56.927670
   6.56520    -56.931074
   6.63790    -56.935047
   6.71060    -56.939497
   6.78329    -56.944326
   6.85599    -56.949378
   6.92869    -56.954516
   7.00138    -56.959569
   7.07408    -56.964368
   7.14678    -56.968740
   7.21948    -56.972551
   7.29217    -56.975670
   7.36487    -56.977966
   7.43757    -56.979379
   7.51026    -56.979852
   7.51026    -56.926890
   7.56153    -56.926969
   7.61281    -56.927254
   7.66408    -56.927727
   7.71535    -56.928363
   7.76662    -56.929142
   7.81789    -56.930043
   7.86916    -56.931062
   7.92043    -56.932162
   7.97170    -56.933309
   8.02297    -56.934464
   8.07424    -56.935600
   8.12551    -56.936700
   8.17678    -56.937723
   8.22805    -56.938631
   8.27932    -56.939413
   8.33059    -56.940044
   8.38186    -56.940503
   8.43313    -56.940791
   8.48440    -56.940901
   8.48440    -56.920286
   8.53567    -56.920380
   8.58694    -56.920647
   8.63821    -56.921099
   8.68948    -56.921720
   8.74075    -56.922498
   8.79203    -56.923414
   8.84330    -56.924424
   8.89457    -56.925510
   8.94584    -56.926643
   8.99711    -56.927791
   9.04838    -56.928921
   9.09965    -56.930003
   9.15092    -56.931003
   9.20219    -56.931925
   9.25346    -56.932700
   9.30473    -56.933315
   9.35600    -56.933773
   9.40727    -56.934041
   9.45854    -56.934124
 
# Band-Index:    2
   9.45854    -33.313205
   9.40727    -33.313028
   9.35600    -33.312463
   9.30473    -33.311516
   9.25346    -33.310235
   9.20219    -33.308638
   9.15092    -33.306758
   9.09965    -33.318662
   9.04838    -33.332168
   8.99711    -33.346223
   8.94584    -33.360440
   8.89457    -33.374444
   8.84330    -33.387827
   8.79203    -33.400235
   8.74075    -33.411344
   8.68948    -33.420883
   8.63821    -33.428586
   8.58694    -33.434238
   8.53567    -33.437697
   8.48440    -33.438858
   8.48440    -33.434953
   8.43313    -33.434715
   8.38186    -33.434047
   8.33059    -33.432980
   8.27932    -33.431528
   8.22805    -33.429722
   8.17678    -33.427619
   8.12551    -33.425277
   8.07424    -33.422757
   8.02297    -33.420122
   7.97170    -33.417453
   7.92043    -33.414811
   7.86916    -33.412275
   7.81789    -33.411180
   7.76662    -33.422524
   7.71535    -33.432231
   7.66408    -33.440057
   7.61281    -33.445786
   7.56153    -33.449286
   7.51026    -33.450463
   7.51026    -33.543756
   7.43757    -33.542915
   7.36487    -33.540430
   7.29217    -33.536391
   7.21948    -33.530900
   7.14678    -33.524198
   7.07408    -33.516504
   7.00138    -33.508067
   6.92869    -33.499188
   6.85599    -33.490145
   6.78329    -33.481237
   6.71060    -33.472734
   6.63790    -33.464889
   6.56520    -33.457890
   6.49250    -33.451895
   6.41981    -33.447008
   6.34711    -33.443295
   6.27441    -33.440746
   6.20172    -33.439301
   6.12902    -33.438858
   6.12902    -33.438858
   6.09267    -33.438961
   6.05632    -33.439255
   6.01997    -33.439708
   5.98362    -33.440315
   5.94728    -33.441041
   5.91093    -33.441858
   5.87458    -33.442739
   5.83823    -33.443669
   5.80188    -33.444604
   5.76553    -33.445540
   5.72918    -33.446439
   5.69284    -33.447274
   5.65649    -33.448057
   5.62014    -33.448762
   5.58379    -33.449361
   5.54744    -33.449833
   5.51109    -33.450179
   5.47474    -33.450390
   5.43840    -33.450463
   5.43840    -33.450463
   5.37544    -33.451108
   5.31248    -33.453020
   5.24952    -33.456143
   5.18657    -33.460383
   5.12361    -33.465634
   5.06065    -33.471738
   4.99769    -33.478535
   4.93473    -33.485837
   4.87178    -33.493448
   4.80882    -33.501154
   4.74586    -33.508738
   4.68290    -33.516003
   4.61995    -33.522765
   4.55699    -33.528812
   4.49403    -33.533996
   4.43107    -33.538188
   4.36812    -33.541263
   4.30516    -33.543123
   4.24220    -33.543756
   4.24220    -33.543756
   4.19093    -33.542426
   4.13966    -33.538432
   4.08839    -33.531917
   4.03712    -33.522988
   3.98585    -33.511935
   3.93458    -33.499064
   3.88331    -33.484646
   3.83204    -33.469094
   3.78077    -33.452837
   3.72950    -33.436280
   3.67823    -33.419920
   3.62696    -33.404188
   3.57569    -33.389525
   3.52442    -33.376322
   3.47314    -33.364937
   3.42187    -33.355716
   3.37060    -33.348965
   3.31933    -33.344833
   3.26806    -33.343454
   3.26806    -33.343454
   3.19537    -33.342833
   3.12267    -33.340997
   3.04997    -33.338012
   2.97727    -33.333994
   2.90458    -33.329077
   2.83188    -33.323422
   2.75918    -33.317250
   2.68649    -33.310737
   2.61379    -33.304117
   2.54109    -33.297602
   2.46839    -33.310138
   2.39570    -33.331969
   2.32300    -33.348088
   2.25030    -33.357891
   2.17761    -33.361116
   2.10491    -33.357806
   2.03221    -33.348289
   1.95951    -33.333128
   1.88682    -33.313205
   1.88682    -33.313205
   1.85047    -33.324051
   1.81412    -33.334638
   1.77777    -33.344903
   1.74142    -33.354810
   1.70507    -33.364323
   1.66873    -33.373380
   1.63238    -33.381941
   1.59603    -33.389988
   1.55968    -33.397487
   1.52333    -33.404369
   1.48698    -33.410619
   1.45063    -33.416221
   1.41429    -33.421101
   1.37794    -33.425290
   1.34159    -33.428746
   1.30524    -33.431449
   1.26889    -33.433394
   1.23254    -33.434563
   1.19619    -33.434953
   1.19619    -33.434953
   1.13324    -33.432273
   1.07028    -33.424395
   1.00732    -33.411484
   0.94436    -33.393864
   0.88141    -33.371989
   0.81845    -33.346393
   0.75549    -33.317754
   0.69253    -33.300989
   0.62958    -33.306553
   0.56662    -33.312194
   0.50366    -33.317764
   0.44070    -33.323098
   0.37775    -33.328039
   0.31479    -33.332460
   0.25183    -33.336271
   0.18887    -33.339339
   0.12592    -33.341596
   0.06296    -33.342986
   0.00000    -33.343454
 
# Band-Index:    3
   0.00000    -33.034913
   0.06296    -33.037720
   0.12592    -33.046065
   0.18887    -33.059708
   0.25183    -33.078263
   0.31479    -33.101132
   0.37775    -33.127662
   0.44070    -33.157117
   0.50366    -33.188628
   0.56662    -33.221360
   0.62958    -33.254390
   0.69253    -33.286818
   0.75549    -33.295643
   0.81845    -33.290670
   0.88141    -33.286199
   0.94436    -33.282362
   1.00732    -33.279257
   1.07028    -33.276986
   1.13324    -33.275598
   1.19619    -33.275156
   1.19619    -33.275156
   1.23254    -33.275096
   1.26889    -33.274946
   1.30524    -33.274698
   1.34159    -33.274348
   1.37794    -33.273915
   1.41429    -33.273413
   1.45063    -33.272841
   1.48698    -33.272211
   1.52333    -33.271549
   1.55968    -33.270861
   1.59603    -33.270164
   1.63238    -33.269483
   1.66873    -33.268842
   1.70507    -33.268246
   1.74142    -33.267713
   1.77777    -33.276925
   1.81412    -33.289688
   1.85047    -33.301841
   1.88682    -33.313201
   1.88682    -33.313201
   1.95951    -33.290930
   2.03221    -33.268119
   2.10491    -33.269875
   2.17761    -33.272577
   2.25030    -33.276133
   2.32300    -33.280514
   2.39570    -33.285641
   2.46839    -33.291391
   2.54109    -33.283365
   2.61379    -33.252768
   2.68649    -33.219640
   2.75918    -33.185400
   2.83188    -33.151557
   2.90458    -33.119674
   2.97727    -33.091239
   3.04997    -33.067515
   3.12267    -33.049691
   3.19537    -33.038650
   3.26806    -33.034913
   3.26806    -33.034913
   3.31933    -33.034798
   3.37060    -33.034467
   3.42187    -33.033922
   3.47314    -33.033199
   3.52442    -33.032312
   3.57569    -33.031249
   3.62696    -33.030066
   3.67823    -33.028796
   3.72950    -33.027462
   3.78077    -33.026118
   3.83204    -33.024792
   3.88331    -33.023537
   3.93458    -33.022348
   3.98585    -33.021279
   4.03712    -33.020365
   4.08839    -33.019635
   4.13966    -33.019078
   4.19093    -33.018754
   4.24220    -33.018642
   4.24220    -33.018642
   4.30516    -33.021323
   4.36812    -33.029322
   4.43107    -33.042380
   4.49403    -33.060113
   4.55699    -33.082032
   4.61995    -33.107481
   4.68290    -33.135715
   4.74586    -33.165950
   4.80882    -33.197366
   4.87178    -33.229067
   4.93473    -33.260189
   4.99769    -33.289887
   5.06065    -33.317390
   5.12361    -33.342011
   5.18657    -33.363059
   5.24952    -33.380022
   5.31248    -33.392434
   5.37544    -33.400010
   5.43840    -33.402571
   5.43840    -33.402571
   5.47474    -33.402176
   5.51109    -33.401041
   5.54744    -33.399155
   5.58379    -33.396524
   5.62014    -33.393161
   5.65649    -33.389083
   5.69284    -33.384321
   5.72918    -33.378893
   5.76553    -33.372835
   5.80188    -33.366172
   5.83823    -33.358922
   5.87458    -33.351113
   5.91093    -33.342803
   5.94728    -33.334020
   5.98362    -33.324817
   6.01997    -33.315220
   6.05632    -33.305286
   6.09267    -33.295065
   6.12902    -33.284583
   6.12902    -33.284583
   6.20172    -33.303808
   6.27441    -33.318473
   6.34711    -33.327755
   6.41981    -33.331049
   6.49250    -33.328045
   6.56520    -33.318713
   6.63790    -33.303326
   6.71060    -33.282370
   6.78329    -33.256714
   6.85599    -33.227390
   6.92869    -33.195632
   7.00138    -33.162792
   7.07408    -33.130386
   7.14678    -33.099809
   7.21948    -33.072526
   7.29217    -33.049843
   7.36487    -33.032790
   7.43757    -33.022225
   7.51026    -33.018642
   7.51026    -33.402571
   7.56153    -33.402780
   7.61281    -33.403448
   7.66408    -33.404527
   7.71535    -33.405999
   7.76662    -33.407810
   7.81789    -33.409919
   7.86916    -33.398537
   7.92043    -33.384915
   7.97170    -33.370675
   8.02297    -33.356195
   8.07424    -33.341881
   8.12551    -33.328127
   8.17678    -33.315308
   8.22805    -33.303769
   8.27932    -33.293864
   8.33059    -33.285844
   8.38186    -33.279940
   8.43313    -33.276340
   8.48440    -33.275156
   8.48440    -33.284583
   8.53567    -33.284777
   8.58694    -33.285350
   8.63821    -33.286304
   8.68948    -33.287588
   8.74075    -33.289192
   8.79203    -33.291071
   8.84330    -33.293163
   8.89457    -33.295409
   8.94584    -33.297742
   8.99711    -33.300108
   9.04838    -33.302441
   9.09965    -33.304681
   9.15092    -33.306754
   9.20219    -33.308634
   9.25346    -33.310231
   9.30473    -33.311512
   9.35600    -33.312459
   9.40727    -33.313024
   9.45854    -33.313201
 
# Band-Index:    4
   9.45854    -33.266633
   9.40727    -33.267826
   9.35600    -33.271364
   9.30473    -33.277150
   9.25346    -33.285025
   9.20219    -33.294762
   9.15092    -33.306055
   9.09965    -33.304677
   9.04838    -33.302437
   8.99711    -33.300104
   8.94584    -33.297738
   8.89457    -33.295405
   8.84330    -33.293159
   8.79203    -33.291067
   8.74075    -33.289188
   8.68948    -33.287584
   8.63821    -33.286300
   8.58694    -33.285346
   8.53567    -33.284773
   8.48440    -33.284579
   8.48440    -33.127353
   8.43313    -33.127195
   8.38186    -33.126754
   8.33059    -33.126027
   8.27932    -33.125031
   8.22805    -33.123803
   8.17678    -33.122372
   8.12551    -33.120775
   8.07424    -33.119039
   8.02297    -33.117244
   7.97170    -33.115421
   7.92043    -33.113620
   7.86916    -33.111890
   7.81789    -33.110289
   7.76662    -33.108858
   7.71535    -33.107634
   7.66408    -33.106633
   7.61281    -33.105900
   7.56153    -33.105459
   7.51026    -33.105337
   7.51026    -33.018638
   7.43757    -33.019436
   7.36487    -33.021841
   7.29217    -33.025858
   7.21948    -33.031487
   7.14678    -33.038768
   7.07408    -33.047712
   7.00138    -33.058313
   6.92869    -33.070571
   6.85599    -33.084482
   6.78329    -33.099972
   6.71060    -33.116962
   6.63790    -33.135352
   6.56520    -33.154942
   6.49250    -33.175557
   6.41981    -33.196954
   6.34711    -33.218883
   6.27441    -33.241010
   6.20172    -33.263028
   6.12902    -33.284579
   6.12902    -33.284579
   6.09267    -33.273563
   6.05632    -33.261812
   6.01997    -33.249489
   5.98362    -33.236755
   5.94728    -33.223767
   5.91093    -33.210711
   5.87458    -33.197773
   5.83823    -33.185106
   5.80188    -33.172862
   5.76553    -33.161226
   5.72918    -33.150347
   5.69284    -33.140365
   5.65649    -33.131444
   5.62014    -33.123707
   5.58379    -33.117203
   5.54744    -33.112047
   5.51109    -33.108316
   5.47474    -33.106061
   5.43840    -33.105337
   5.43840    -33.105337
   5.37544    -33.104731
   5.31248    -33.102986
   5.24952    -33.100134
   5.18657    -33.096235
   5.12361    -33.091418
   5.06065    -33.085794
   4.99769    -33.079507
   4.93473    -33.072760
   4.87178    -33.065723
   4.80882    -33.058559
   4.74586    -33.051488
   4.68290    -33.044705
   4.61995    -33.038399
   4.55699    -33.032729
   4.49403    -33.027841
   4.43107    -33.023893
   4.36812    -33.021006
   4.30516    -33.019234
   4.24220    -33.018638
   4.24220    -33.018638
   4.19093    -33.018750
   4.13966    -33.019074
   4.08839    -33.019632
   4.03712    -33.020361
   3.98585    -33.021276
   3.93458    -33.022344
   3.88331    -33.023533
   3.83204    -33.024788
   3.78077    -33.026114
   3.72950    -33.027458
   3.67823    -33.028792
   3.62696    -33.030062
   3.57569    -33.031245
   3.52442    -33.032308
   3.47314    -33.033195
   3.42187    -33.033918
   3.37060    -33.034463
   3.31933    -33.034795
   3.26806    -33.034909
   3.26806    -33.034909
   3.19537    -33.035763
   3.12267    -33.038320
   3.04997    -33.042584
   2.97727    -33.048587
   2.90458    -33.056322
   2.83188    -33.065799
   2.75918    -33.077039
   2.68649    -33.089992
   2.61379    -33.104655
   2.54109    -33.120960
   2.46839    -33.138803
   2.39570    -33.158040
   2.32300    -33.178532
   2.25030    -33.200050
   2.17761    -33.222346
   2.10491    -33.245137
   2.03221    -33.268020
   1.95951    -33.266950
   1.88682    -33.266633
   1.88682    -33.266633
   1.85047    -33.266707
   1.81412    -33.266935
   1.77777    -33.267272
   1.74142    -33.263731
   1.70507    -33.250286
   1.66873    -33.236751
   1.63238    -33.223312
   1.59603    -33.210171
   1.55968    -33.197484
   1.52333    -33.185415
   1.48698    -33.174133
   1.45063    -33.163785
   1.41429    -33.154511
   1.37794    -33.146444
   1.34159    -33.139696
   1.30524    -33.134353
   1.26889    -33.130473
   1.23254    -33.128133
   1.19619    -33.127353
   1.19619    -33.127353
   1.13324    -33.126726
   1.07028    -33.124864
   1.00732    -33.121818
   0.94436    -33.117676
   0.88141    -33.112561
   0.81845    -33.106571
   0.75549    -33.099886
   0.69253    -33.092686
   0.62958    -33.085152
   0.56662    -33.077514
   0.50366    -33.069982
   0.44070    -33.062750
   0.37775    -33.056015
   0.31479    -33.049951
   0.25183    -33.044736
   0.18887    -33.040523
   0.12592    -33.037432
   0.06296    -33.035547
   0.00000    -33.034909
 
# Band-Index:    5
   0.00000    -13.540860
   0.06296    -13.527475
   0.12592    -13.487428
   0.18887    -13.420969
   0.25183    -13.328502
   0.31479    -13.210529
   0.37775    -13.067661
   0.44070    -12.900649
   0.50366    -12.710329
   0.56662    -12.497553
   0.62958    -12.263283
   0.69253    -12.008500
   0.75549    -11.734080
   0.81845    -11.441036
   0.88141    -11.130332
   0.94436    -10.802980
   1.00732    -10.460027
   1.07028    -10.102678
   1.13324     -9.733118
   1.19619     -9.405081
   1.19619     -9.405081
   1.23254     -9.400465
   1.26889     -9.386654
   1.30524     -9.363682
   1.34159     -9.331674
   1.37794     -9.290760
   1.41429     -9.241123
   1.45063     -9.182990
   1.48698     -9.122040
   1.52333     -9.079300
   1.55968     -9.031429
   1.59603     -8.978393
   1.63238     -8.920160
   1.66873     -8.856705
   1.70507     -8.787969
   1.74142     -8.713919
   1.77777     -8.634533
   1.81412     -8.549763
   1.85047     -8.459567
   1.88682     -8.363925
   1.88682     -8.363925
   1.95951     -8.676360
   2.03221     -9.095289
   2.10491     -9.533815
   2.17761     -9.967245
   2.25030    -10.386648
   2.32300    -10.787685
   2.39570    -11.167714
   2.46839    -11.524792
   2.54109    -11.857254
   2.61379    -12.163717
   2.68649    -12.442754
   2.75918    -12.693015
   2.83188    -12.913203
   2.90458    -13.102080
   2.97727    -13.258460
   3.04997    -13.381265
   3.12267    -13.469686
   3.19537    -13.523021
   3.26806    -13.540860
   3.26806    -13.540860
   3.31933    -13.531562
   3.37060    -13.503810
   3.42187    -13.457874
   3.47314    -13.394261
   3.52442    -13.313606
   3.57569    -13.216770
   3.62696    -13.104870
   3.67823    -12.979292
   3.72950    -12.841729
   3.78077    -12.694276
   3.83204    -12.539454
   3.88331    -12.380538
   3.93458    -12.221426
   3.98585    -12.067209
   4.03712    -11.924103
   4.08839    -11.799567
   4.13966    -11.701905
   4.19093    -11.639188
   4.24220    -11.617508
   4.24220    -11.617508
   4.30516    -11.611035
   4.36812    -11.591607
   4.43107    -11.559182
   4.49403    -11.513710
   4.55699    -11.455120
   4.61995    -11.383350
   4.68290    -11.298379
   4.74586    -11.200246
   4.80882    -11.089113
   4.87178    -10.965332
   4.93473    -10.829527
   4.99769    -10.682814
   5.06065    -10.527089
   5.12361    -10.365501
   5.18657    -10.203260
   5.24952    -10.048856
   5.31248     -9.915632
   5.37544     -9.822281
   5.43840     -9.788208
   5.43840     -9.788208
   5.47474     -9.784905
   5.51109     -9.775020
   5.54744     -9.758546
   5.58379     -9.735486
   5.62014     -9.705839
   5.65649     -9.669608
   5.69284     -9.626816
   5.72918     -9.577474
   5.76553     -9.521560
   5.80188     -9.459103
   5.83823     -9.390115
   5.87458     -9.314592
   5.91093     -9.232561
   5.94728     -9.144032
   5.98362     -9.049031
   6.01997     -8.947571
   6.05632     -8.839677
   6.09267     -8.725381
   6.12902     -8.604710
   6.12902     -8.604710
   6.20172     -8.859706
   6.27441     -9.123176
   6.34711     -9.387193
   6.41981     -9.645665
   6.49250     -9.894164
   6.56520    -10.129582
   6.63790    -10.349812
   6.71060    -10.553478
   6.78329    -10.739740
   6.85599    -10.908100
   6.92869    -11.058335
   7.00138    -11.190461
   7.07408    -11.304518
   7.14678    -11.400634
   7.21948    -11.478974
   7.29217    -11.539704
   7.36487    -11.582966
   7.43757    -11.608879
   7.51026    -11.617508
   7.51026     -9.788208
   7.56153     -9.784898
   7.61281     -9.775061
   7.66408     -9.758934
   7.71535     -9.736901
   7.76662     -9.709499
   7.81789     -9.677401
   7.86916     -9.641428
   7.92043     -9.602493
   7.97170     -9.561600
   8.02297     -9.519847
   8.07424     -9.478360
   8.12551     -9.438300
   8.17678     -9.400786
   8.22805     -9.366912
   8.27932     -9.337676
   8.33059     -9.323658
   8.38186     -9.368700
   8.43313     -9.395954
   8.48440     -9.405081
   8.48440     -8.604710
   8.53567     -8.602932
   8.58694     -8.597652
   8.63821     -8.589056
   8.68948     -8.577421
   8.74075     -8.563121
   8.79203     -8.546620
   8.84330     -8.528420
   8.89457     -8.509076
   8.94584     -8.489164
   8.99711     -8.469258
   9.04838     -8.449904
   9.09965     -8.431610
   9.15092     -8.414827
   9.20219     -8.399971
   9.25346     -8.387359
   9.30473     -8.377260
   9.35600     -8.369910
   9.40727     -8.365432
   9.45854     -8.363925
 
# Band-Index:    6
   9.45854     -8.363909
   9.40727     -8.365416
   9.35600     -8.369894
   9.30473     -8.377244
   9.25346     -8.387343
   9.20219     -8.399954
   9.15092     -8.414811
   9.09965     -8.431593
   9.04838     -8.449888
   8.99711     -8.469241
   8.94584     -8.489147
   8.89457     -8.509059
   8.84330     -8.528403
   8.79203     -8.546603
   8.74075     -8.563105
   8.68948     -8.577404
   8.63821     -8.589039
   8.58694     -8.597635
   8.53567     -8.602915
   8.48440     -8.604693
   8.48440     -9.282143
   8.43313     -9.285744
   8.38186     -9.296457
   8.33059     -9.313948
   8.27932     -9.261329
   8.22805     -9.182477
   8.17678     -9.088099
   8.12551     -8.979410
   8.07424     -8.857909
   8.02297     -8.725448
   7.97170     -8.584237
   7.92043     -8.436915
   7.86916     -8.286717
   7.81789     -8.137605
   7.76662     -7.994378
   7.71535     -7.862730
   7.66408     -7.749277
   7.61281     -7.661135
   7.56153     -7.604953
   7.51026     -7.585644
   7.51026     -7.645655
   7.43757     -7.622524
   7.36487     -7.553494
   7.29217     -7.439635
   7.21948     -7.282504
   7.14678     -7.084598
   7.07408     -6.848900
   7.00138     -6.579024
   6.92869     -6.279288
   6.85599     -5.954699
   6.78329     -5.611115
   6.71060     -5.846860
   6.63790     -6.271422
   6.56520     -6.674811
   6.49250     -7.056003
   6.41981     -7.414176
   6.34711     -7.748651
   6.27441     -8.058854
   6.20172     -8.344330
   6.12902     -8.604693
   6.12902     -8.604693
   6.09267     -8.483285
   6.05632     -8.367579
   6.01997     -8.258803
   5.98362     -8.158022
   5.94728     -8.066072
   5.91093     -7.983504
   5.87458     -7.910515
   5.83823     -7.846944
   5.80188     -7.792349
   5.76553     -7.746088
   5.72918     -7.707382
   5.69284     -7.675419
   5.65649     -7.649411
   5.62014     -7.628647
   5.58379     -7.612492
   5.54744     -7.600442
   5.51109     -7.592112
   5.47474     -7.587225
   5.43840     -7.585644
   5.43840     -7.585644
   5.37544     -7.532880
   5.31248     -7.383676
   5.24952     -7.157786
   5.18657     -6.874418
   5.12361     -6.547800
   5.06065     -6.187537
   4.99769     -5.800212
   4.93473     -5.791194
   4.87178     -6.076410
   4.80882     -6.348069
   4.74586     -6.601885
   4.68290     -6.834144
   4.61995     -7.041652
   4.55699     -7.221669
   4.49403     -7.371932
   4.43107     -7.490671
   4.36812     -7.576477
   4.30516     -7.628284
   4.24220     -7.645655
   4.24220     -7.645655
   4.19093     -7.613565
   4.13966     -7.519361
   4.08839     -7.369362
   4.03712     -7.171560
   3.98585     -6.934481
   3.93458     -6.665753
   3.88331     -6.371852
   3.83204     -6.058117
   3.78077     -5.729045
   3.72950     -5.388346
   3.67823     -5.039323
   3.62696     -4.684876
   3.57569     -4.327684
   3.52442     -3.970270
   3.47314     -3.615020
   3.42187     -3.264360
   3.37060     -2.921053
   3.31933     -2.646624
   3.26806     -2.653943
   3.26806     -2.653943
   3.19537     -2.706505
   3.12267     -2.858769
   3.04997     -3.096370
   2.97727     -3.400304
   2.90458     -3.751073
   2.83188     -4.131578
   2.75918     -4.527741
   2.68649     -4.928690
   2.61379     -5.326257
   2.54109     -5.714425
   2.46839     -6.088851
   2.39570     -6.446355
   2.32300     -6.784846
   2.25030     -7.102826
   2.17761     -7.399342
   2.10491     -7.673871
   2.03221     -7.926153
   1.95951     -8.156135
   1.88682     -8.363909
   1.88682     -8.363909
   1.85047     -8.306371
   1.81412     -8.324558
   1.77777     -8.391320
   1.74142     -8.481262
   1.70507     -8.580110
   1.66873     -8.680601
   1.63238     -8.778915
   1.59603     -8.872846
   1.55968     -8.961012
   1.52333     -9.042494
   1.48698     -9.116644
   1.45063     -9.159678
   1.41429     -9.192238
   1.37794     -9.219749
   1.34159     -9.242230
   1.30524     -9.259698
   1.26889     -9.272171
   1.23254     -9.279649
   1.19619     -9.282143
   1.19619     -9.282143
   1.13324     -8.942360
   1.07028     -8.537759
   1.00732     -8.122278
   0.94436     -7.698480
   0.88141     -7.268215
   0.81845     -6.833275
   0.75549     -6.395832
   0.69253     -5.958389
   0.62958     -5.523892
   0.56662     -5.096056
   0.50366     -4.679321
   0.44070     -4.279154
   0.37775     -3.902346
   0.31479     -3.557044
   0.25183     -3.252862
   0.18887     -3.000530
   0.12592     -2.811006
   0.06296     -2.693608
   0.00000     -2.653943
 
# Band-Index:    7
   0.00000     -2.653933
   0.06296     -2.656209
   0.12592     -2.663213
   0.18887     -2.675488
   0.25183     -2.693799
   0.31479     -2.718926
   0.37775     -2.751443
   0.44070     -2.791492
   0.50366     -2.838677
   0.56662     -2.902448
   0.62958     -2.971175
   0.69253     -3.032502
   0.75549     -3.085778
   0.81845     -3.130845
   0.88141     -3.179585
   0.94436     -3.225570
   1.00732     -3.263140
   1.07028     -3.290936
   1.13324     -3.307992
   1.19619     -3.313749
   1.19619     -3.313749
   1.23254     -3.375849
   1.26889     -3.532207
   1.30524     -3.738547
   1.34159     -3.970233
   1.37794     -4.215895
   1.41429     -4.469953
   1.45063     -4.729239
   1.48698     -4.991687
   1.52333     -5.255771
   1.55968     -5.520158
   1.59603     -5.783557
   1.63238     -6.044566
   1.66873     -6.301476
   1.70507     -6.551766
   1.74142     -6.791315
   1.77777     -7.012734
   1.81412     -7.201600
   1.85047     -7.332436
   1.88682     -7.378003
   1.88682     -7.378003
   1.95951     -7.243380
   2.03221     -6.964645
   2.10491     -6.629581
   2.17761     -6.264415
   2.25030     -5.880241
   2.32300     -5.484484
   2.39570     -5.083848
   2.46839     -4.685668
   2.54109     -4.298421
   2.61379     -3.932246
   2.68649     -3.598501
   2.75918     -3.308796
   2.83188     -3.072897
   2.90458     -2.895988
   2.97727     -2.776536
   3.04997     -2.706066
   3.12267     -2.671098
   3.19537     -2.657267
   3.26806     -2.653933
   3.26806     -2.653933
   3.31933     -2.646614
   3.37060     -2.624684
   3.42187     -2.588183
   3.47314     -2.537237
   3.52442     -2.471976
   3.57569     -2.392580
   3.62696     -2.299318
   3.67823     -2.192513
   3.72950     -2.072551
   3.78077     -1.939994
   3.83204     -1.795505
   3.88331     -1.640009
   3.93458     -1.474774
   3.98585     -1.301730
   4.03712     -1.124060
   4.08839     -0.947437
   4.13966     -0.783056
   4.19093     -0.654927
   4.24220     -0.603400
   4.24220     -0.603400
   4.30516     -0.875980
   4.36812     -1.293076
   4.43107     -1.737419
   4.49403     -2.195924
   4.55699     -2.662388
   4.61995     -3.131988
   4.68290     -3.600494
   4.74586     -4.064058
   4.80882     -4.519141
   4.87178     -4.962380
   4.93473     -5.390537
   4.99769     -5.497361
   5.06065     -5.200447
   5.12361     -4.906591
   5.18657     -4.622670
   5.24952     -4.570514
   5.31248     -4.633949
   5.37544     -4.672059
   5.43840     -4.684785
   5.43840     -4.684785
   5.47474     -4.693137
   5.51109     -4.718037
   5.54744     -4.758541
   5.58379     -4.813212
   5.62014     -4.880146
   5.65649     -4.957042
   5.69284     -5.041399
   5.72918     -5.130470
   5.76553     -5.221421
   5.80188     -5.311474
   5.83823     -5.397978
   5.87458     -5.478510
   5.91093     -5.551001
   5.94728     -5.613813
   5.98362     -5.665784
   6.01997     -5.706227
   6.05632     -5.734888
   6.09267     -5.751865
   6.12902     -5.757417
   6.12902     -5.757417
   6.20172     -5.736222
   6.27441     -5.675478
   6.34711     -5.578885
   6.41981     -5.449289
   6.49250     -5.288657
   6.56520     -5.098323
   6.63790     -4.895594
   6.71060     -5.255393
   6.78329     -5.402454
   6.85599     -4.939732
   6.92869     -4.460674
   7.00138     -3.967555
   7.07408     -3.463285
   7.14678     -2.951342
   7.21948     -2.435991
   7.29217     -1.922438
   7.36487     -1.417628
   7.43757     -0.935350
   7.51026     -0.603400
   7.51026     -4.684785
   7.56153     -4.677713
   7.61281     -4.656723
   7.66408     -4.622000
   7.71535     -4.573938
   7.76662     -4.513086
   7.81789     -4.440240
   7.86916     -4.356376
   7.92043     -4.262732
   7.97170     -4.160806
   8.02297     -4.052472
   8.07424     -3.939997
   8.12551     -3.826120
   8.17678     -3.714087
   8.22805     -3.607693
   8.27932     -3.511255
   8.33059     -3.429403
   8.38186     -3.366711
   8.43313     -3.327234
   8.48440     -3.313749
   8.48440     -5.757417
   8.53567     -5.770601
   8.58694     -5.809528
   8.63821     -5.872516
   8.68948     -5.956835
   8.74075     -6.059051
   8.79203     -6.175284
   8.84330     -6.301425
   8.89457     -6.433397
   8.94584     -6.567286
   8.99711     -6.699415
   9.04838     -6.826422
   9.09965     -6.945337
   9.15092     -7.053569
   9.20219     -7.148930
   9.25346     -7.229407
   9.30473     -7.293557
   9.35600     -7.340215
   9.40727     -7.368522
   9.45854     -7.378003
 
# Band-Index:    8
   9.45854     -1.890121
   9.40727     -1.905914
   9.35600     -1.951547
   9.30473     -2.022525
   9.25346     -2.112782
   9.20219     -2.215979
   9.15092     -2.326316
   9.09965     -2.439041
   9.04838     -2.550253
   8.99711     -2.657011
   8.94584     -2.757105
   8.89457     -2.848932
   8.84330     -2.931355
   8.79203     -3.003601
   8.74075     -3.065154
   8.68948     -3.115725
   8.63821     -3.155155
   8.58694     -3.183368
   8.53567     -3.200305
   8.48440     -3.205947
   8.48440     -3.246382
   8.43313     -3.245966
   8.38186     -3.244794
   8.33059     -3.242886
   8.27932     -3.240296
   8.22805     -3.237108
   8.17678     -3.233438
   8.12551     -3.229365
   8.07424     -3.225005
   8.02297     -3.220489
   7.97170     -3.215972
   7.92043     -3.211539
   7.86916     -3.207324
   7.81789     -3.224083
   7.76662     -3.385978
   7.71535     -3.537291
   7.66408     -3.668772
   7.61281     -3.771243
   7.56153     -3.836593
   7.51026     -3.859100
   7.51026     -0.603386
   7.43757     -0.914277
   7.36487     -1.349445
   7.29217     -1.784954
   7.21948     -2.209756
   7.14678     -2.619582
   7.07408     -3.011491
   7.00138     -3.383099
   6.92869     -3.732454
   6.85599     -4.057962
   6.78329     -4.358287
   6.71060     -4.632352
   6.63790     -4.879289
   6.56520     -4.541318
   6.49250     -4.203826
   6.41981     -3.895853
   6.34711     -3.631075
   6.27441     -3.422373
   6.20172     -3.279404
   6.12902     -3.205947
   6.12902     -3.205947
   6.09267     -3.223402
   6.05632     -3.236656
   6.01997     -3.246050
   5.98362     -3.251978
   5.94728     -3.284717
   5.91093     -3.331925
   5.87458     -3.384766
   5.83823     -3.441178
   5.80188     -3.499171
   5.76553     -3.557001
   5.72918     -3.612979
   5.69284     -3.665675
   5.65649     -3.713853
   5.62014     -3.756406
   5.58379     -3.792421
   5.54744     -3.821167
   5.51109     -3.842098
   5.47474     -3.854819
   5.43840     -3.859100
   5.43840     -3.859100
   5.37544     -3.936350
   5.31248     -4.120286
   5.24952     -4.356779
   5.18657     -4.481849
   5.12361     -4.368147
   5.06065     -4.229628
   4.99769     -4.066491
   4.93473     -3.879256
   4.87178     -3.668274
   4.80882     -3.434074
   4.74586     -3.177294
   4.68290     -2.898703
   4.61995     -2.599243
   4.55699     -2.280077
   4.49403     -1.942710
   4.43107     -1.589270
   4.36812     -1.223477
   4.30516     -0.856477
   4.24220     -0.603386
   4.24220     -0.603386
   4.19093     -0.654913
   4.13966     -0.783043
   4.08839     -0.947425
   4.03712     -1.124049
   3.98585     -1.301719
   3.93458     -1.474763
   3.88331     -1.639998
   3.83204     -1.795494
   3.78077     -1.939984
   3.72950     -2.072541
   3.67823     -2.192503
   3.62696     -2.299308
   3.57569     -2.392570
   3.52442     -2.471966
   3.47314     -2.537227
   3.42187     -2.588173
   3.37060     -2.624674
   3.31933     -2.590422
   3.26806     -2.347211
   3.26806     -2.347211
   3.19537     -2.362398
   3.12267     -2.405971
   3.04997     -2.472569
   2.97727     -2.554804
   2.90458     -2.644607
   2.83188     -2.734330
   2.75918     -2.817178
   2.68649     -2.887285
   2.61379     -2.939759
   2.54109     -2.970530
   2.46839     -2.976233
   2.39570     -2.954106
   2.32300     -2.901926
   2.25030     -2.817958
   2.17761     -2.700915
   2.10491     -2.549882
   2.03221     -2.364389
   1.95951     -2.144357
   1.88682     -1.890121
   1.88682     -1.890121
   1.85047     -2.022922
   1.81412     -2.149979
   1.77777     -2.271013
   1.74142     -2.385770
   1.70507     -2.494019
   1.66873     -2.595558
   1.63238     -2.690206
   1.59603     -2.777802
   1.55968     -2.858214
   1.52333     -2.931301
   1.48698     -2.996964
   1.45063     -3.055109
   1.41429     -3.105655
   1.37794     -3.148536
   1.34159     -3.183695
   1.30524     -3.211091
   1.26889     -3.230682
   1.23254     -3.242447
   1.19619     -3.246382
   1.19619     -3.246382
   1.13324     -3.243416
   1.07028     -3.234440
   1.00732     -3.219146
   0.94436     -3.197119
   0.88141     -3.167844
   0.81845     -3.126848
   0.75549     -3.069405
   0.69253     -3.009490
   0.62958     -2.949549
   0.56662     -2.891908
   0.50366     -2.827418
   0.44070     -2.747813
   0.37775     -2.666057
   0.31479     -2.585359
   0.25183     -2.509678
   0.18887     -2.443552
   0.12592     -2.391755
   0.06296     -2.358632
   0.00000     -2.347211
 
# Band-Index:    9
   0.00000     -2.144211
   0.06296     -2.137540
   0.12592     -2.117218
   0.18887     -2.083815
   0.25183     -2.040080
   0.31479     -1.990665
   0.37775     -1.941660
   0.44070     -1.900057
   0.50366     -1.872893
   0.56662     -1.865799
   0.62958     -1.881464
   0.69253     -1.918745
   0.75549     -1.973031
   0.81845     -2.037631
   0.88141     -2.105327
   0.94436     -2.169511
   1.00732     -2.224773
   1.07028     -2.267020
   1.13324     -2.293449
   1.19619     -2.302450
   1.19619     -2.302450
   1.23254     -2.243939
   1.26889     -2.098280
   1.30524     -1.909437
   1.34159     -1.701598
   1.37794     -1.485495
   1.41429     -1.265982
   1.45063     -1.045353
   1.48698     -0.824749
   1.52333     -0.604766
   1.55968     -0.385749
   1.59603     -0.557344
   1.63238     -0.748454
   1.66873     -0.933435
   1.70507     -1.111766
   1.74142     -1.282938
   1.77777     -1.446626
   1.81412     -1.602535
   1.85047     -1.750424
   1.88682     -1.890113
   1.88682     -1.890113
   1.95951     -1.608707
   2.03221     -1.308811
   2.10491     -0.994296
   2.17761     -0.669955
   2.25030     -0.341559
   2.32300     -0.121855
   2.39570     -0.404374
   2.46839     -0.674441
   2.54109     -0.928698
   2.61379     -1.164326
   2.68649     -1.378719
   2.75918     -1.569457
   2.83188     -1.734238
   2.90458     -1.870979
   2.97727     -1.978242
   3.04997     -2.056128
   3.12267     -2.107105
   3.19537     -2.135275
   3.26806     -2.144211
   3.26806     -2.144211
   3.31933     -1.911073
   3.37060     -1.610246
   3.42187     -1.315315
   3.47314     -1.029983
   3.52442     -0.754705
   3.57569     -0.489390
   3.62696     -0.233895
   3.67823      0.011754
   3.72950      0.247182
   3.78077      0.471537
   3.83204      0.342225
   3.88331      0.211808
   3.93458      0.096543
   3.98585     -0.002543
   4.03712     -0.084623
   4.08839     -0.149070
   4.13966     -0.195361
   4.19093     -0.223296
   4.24220     -0.232617
   4.24220     -0.232617
   4.30516      0.018409
   4.36812      0.266816
   4.43107      0.115453
   4.49403     -0.079088
   4.55699     -0.304624
   4.61995     -0.549943
   4.68290     -0.805593
   4.74586     -1.064044
   4.80882     -1.319525
   4.87178     -1.567824
   4.93473     -1.806084
   4.99769     -2.032675
   5.06065     -2.247019
   5.12361     -2.449473
   5.18657     -2.641025
   5.24952     -2.822227
   5.31248     -2.990299
   5.37544     -3.129704
   5.43840     -3.191504
   5.43840     -3.191504
   5.47474     -3.192260
   5.51109     -3.194500
   5.54744     -3.198129
   5.58379     -3.202995
   5.62014     -3.208883
   5.65649     -3.215548
   5.69284     -3.222692
   5.72918     -3.230001
   5.76553     -3.237067
   5.80188     -3.243500
   5.83823     -3.248912
   5.87458     -3.252878
   5.91093     -3.254985
   5.94728     -3.254819
   5.98362     -3.245271
   6.01997     -3.215731
   6.05632     -3.198156
   6.09267     -3.194372
   6.12902     -3.205942
   6.12902     -3.205942
   6.20172     -3.157073
   6.27441     -3.087673
   6.34711     -2.995713
   6.41981     -2.879670
   6.49250     -2.738411
   6.56520     -2.571384
   6.63790     -2.378582
   6.71060     -2.160773
   6.78329     -1.919405
   6.85599     -1.656925
   6.92869     -1.376947
   7.00138     -1.084577
   7.07408     -0.786821
   7.14678     -0.493075
   7.21948     -0.215686
   7.29217      0.029814
   7.36487      0.225337
   7.43757      0.076695
   7.51026     -0.232617
   7.51026     -3.191504
   7.56153     -3.191856
   7.61281     -3.192903
   7.66408     -3.194668
   7.71535     -3.197069
   7.76662     -3.200029
   7.81789     -3.203448
   7.86916     -3.060483
   7.92043     -2.903307
   7.97170     -2.759571
   8.02297     -2.634686
   8.07424     -2.531929
   8.12551     -2.452218
   8.17678     -2.394108
   8.22805     -2.354491
   8.27932     -2.329388
   8.33059     -2.314736
   8.38186     -2.306979
   8.43313     -2.303434
   8.48440     -2.302450
   8.48440     -3.205942
   8.53567     -3.200299
   8.58694     -3.183363
   8.63821     -3.155149
   8.68948     -3.115719
   8.74075     -3.065148
   8.79203     -3.003595
   8.84330     -2.931349
   8.89457     -2.848926
   8.94584     -2.757099
   8.99711     -2.657004
   9.04838     -2.550247
   9.09965     -2.439034
   9.15092     -2.326309
   9.20219     -2.215972
   9.25346     -2.112775
   9.30473     -2.022517
   9.35600     -1.951540
   9.40727     -1.905906
   9.45854     -1.890113
 
# Band-Index:   10
   9.45854      1.329007
   9.40727      1.351213
   9.35600      1.416034
   9.30473      1.518707
   9.25346      1.652663
   9.20219      1.810922
   9.15092      1.986968
   9.09965      2.111396
   9.04838      2.156791
   8.99711      2.203705
   8.94584      2.250544
   8.89457      2.295661
   8.84330      2.337483
   8.79203      2.374662
   8.74075      2.406144
   8.68948      2.431340
   8.63821      2.450196
   8.58694      2.463023
   8.53567      2.470377
   8.48440      2.472761
   8.48440      1.296090
   8.43313      1.318433
   8.38186      1.384306
   8.33059      1.490766
   8.27932      1.633508
   8.22805      1.807434
   8.17678      2.007248
   8.12551      1.932332
   8.07424      1.838357
   8.02297      1.784901
   7.97170      1.772670
   7.92043      1.799578
   7.86916      1.860727
   7.81789      1.948926
   7.76662      2.055108
   7.71535      2.168584
   7.66408      2.277163
   7.61281      2.367897
   7.56153      2.428496
   7.51026      2.449828
   7.51026     -0.232609
   7.43757      0.083514
   7.36487      0.464563
   7.29217      0.548378
   7.21948      0.663753
   7.14678      0.808583
   7.07408      0.980073
   7.00138      1.174534
   6.92869      1.386994
   6.85599      1.610227
   6.78329      1.831945
   6.71060      2.029868
   6.63790      2.179973
   6.56520      2.284607
   6.49250      2.358895
   6.41981      2.410972
   6.34711      2.444562
   6.27441      2.463131
   6.20172      2.471008
   6.12902      2.472761
   6.12902      2.472761
   6.09267      2.472501
   6.05632      2.471891
   6.01997      2.471078
   5.98362      2.470137
   5.94728      2.469087
   5.91093      2.467905
   5.87458      2.466569
   5.83823      2.465071
   5.80188      2.463425
   5.76553      2.461644
   5.72918      2.459778
   5.69284      2.457909
   5.65649      2.456067
   5.62014      2.454347
   5.58379      2.452818
   5.54744      2.451558
   5.51109      2.450615
   5.47474      2.450031
   5.43840      2.449828
   5.43840      2.449828
   5.37544      2.443592
   5.31248      2.425093
   5.24952      2.394995
   5.18657      2.354380
   5.12361      2.304624
   5.06065      2.153821
   4.99769      1.952197
   4.93473      1.746891
   4.87178      1.543778
   4.80882      1.347883
   4.74586      1.163313
   4.68290      0.993500
   4.61995      0.841275
   4.55699      0.708941
   4.49403      0.598335
   4.43107      0.510887
   4.36812      0.371674
   4.30516      0.029061
   4.24220     -0.232609
   4.24220     -0.232609
   4.19093     -0.223289
   4.13966     -0.195353
   4.08839     -0.149062
   4.03712     -0.084615
   3.98585     -0.002535
   3.93458      0.096551
   3.88331      0.211815
   3.83204      0.342232
   3.78077      0.486329
   3.72950      0.642370
   3.67823      0.808023
   3.62696      0.980236
   3.57569      1.154979
   3.52442      1.326922
   3.47314      1.489112
   3.42187      1.632684
   3.37060      1.747053
   3.31933      1.821483
   3.26806      1.847391
   3.26806      1.847391
   3.19537      1.841955
   3.12267      1.824976
   3.04997      1.794511
   2.97727      1.747286
   2.90458      1.679016
   2.83188      1.584664
   2.75918      1.459051
   2.68649      1.297994
   2.61379      1.099249
   2.54109      0.863482
   2.46839      0.594494
   2.39570      0.298673
   2.32300     -0.016097
   2.25030      0.169373
   2.17761      0.464691
   2.10491      0.757839
   2.03221      1.038015
   1.95951      1.217916
   1.88682      1.329007
   1.88682      1.329007
   1.85047      1.224924
   1.81412      1.065170
   1.77777      0.879139
   1.74142      0.679978
   1.70507      0.473436
   1.66873      0.262368
   1.63238      0.048286
   1.59603     -0.167965
   1.55968     -0.360813
   1.52333     -0.159763
   1.48698      0.044577
   1.45063      0.250512
   1.41429      0.455642
   1.37794      0.656476
   1.34159      0.847591
   1.30524      1.020864
   1.26889      1.164172
   1.23254      1.261319
   1.19619      1.296090
   1.19619      1.296090
   1.13324      1.299609
   1.07028      1.310084
   1.00732      1.327307
   0.94436      1.350831
   0.88141      1.380153
   0.81845      1.414584
   0.75549      1.453299
   0.69253      1.495361
   0.62958      1.539700
   0.56662      1.585136
   0.50366      1.630455
   0.44070      1.674406
   0.37775      1.715726
   0.31479      1.753175
   0.25183      1.785596
   0.18887      1.811965
   0.12592      1.831440
   0.06296      1.843373
   0.00000      1.847391
 
# Band-Index:   11
   0.00000      1.847396
   0.06296      1.871413
   0.12592      1.941934
   0.18887      2.054518
   0.25183      2.202637
   0.31479      2.378240
   0.37775      2.427132
   0.44070      2.249194
   0.50366      2.123169
   0.56662      2.056734
   0.62958      2.052878
   0.69253      2.108984
   0.75549      2.217338
   0.81845      2.365909
   0.88141      2.539881
   0.94436      2.587380
   1.00732      2.628622
   1.07028      2.661633
   1.13324      2.682916
   1.19619      2.690254
   1.19619      2.690254
   1.23254      2.682154
   1.26889      2.658190
   1.30524      2.619310
   1.34159      2.566956
   1.37794      2.502949
   1.41429      2.429254
   1.45063      2.347892
   1.48698      2.260826
   1.52333      2.169868
   1.55968      2.076677
   1.59603      1.982737
   1.63238      1.889338
   1.66873      1.797607
   1.70507      1.708529
   1.74142      1.622957
   1.77777      1.541620
   1.81412      1.465168
   1.85047      1.394141
   1.88682      1.329010
   1.88682      1.329010
   1.95951      1.274339
   2.03221      1.134571
   2.10491      1.080754
   2.17761      1.057670
   2.25030      1.066063
   2.32300      1.106197
   2.39570      1.177973
   2.46839      1.280897
   2.54109      1.414307
   2.61379      1.577042
   2.68649      1.767685
   2.75918      1.984446
   2.83188      2.224958
   2.90458      2.485990
   2.97727      2.327648
   3.04997      2.125330
   3.12267      1.973719
   3.19537      1.879436
   3.26806      1.847396
   3.26806      1.847396
   3.31933      1.821488
   3.37060      1.747058
   3.42187      1.632690
   3.47314      1.489118
   3.52442      1.326928
   3.57569      1.154985
   3.62696      0.980243
   3.67823      0.808030
   3.72950      0.642377
   3.78077      0.486337
   3.83204      0.683445
   3.88331      0.880942
   3.93458      1.061559
   3.98585      1.222370
   4.03712      1.028303
   4.08839      0.803765
   4.13966      0.604636
   4.19093      0.455294
   4.24220      0.396654
   4.24220      0.396654
   4.30516      0.363410
   4.36812      0.421271
   4.43107      0.712985
   4.49403      1.033611
   4.55699      1.333099
   4.61995      1.613262
   4.68290      1.852229
   4.74586      1.914837
   4.80882      1.981118
   4.87178      2.049379
   4.93473      2.117801
   4.99769      2.184450
   5.06065      2.247371
   5.12361      2.344909
   5.18657      2.517826
   5.24952      2.664316
   5.31248      2.776319
   5.37544      2.846789
   5.43840      2.870853
   5.43840      2.870853
   5.47474      2.875773
   5.51109      2.890466
   5.54744      2.914879
   5.58379      2.948903
   5.62014      2.992395
   5.65649      3.045155
   5.69284      3.106929
   5.72918      3.177473
   5.76553      3.256516
   5.80188      3.343751
   5.83823      3.438875
   5.87458      3.541587
   5.91093      3.651507
   5.94728      3.768323
   5.98362      3.891647
   6.01997      4.021152
   6.05632      4.124928
   6.09267      4.154846
   6.12902      4.187585
   6.12902      4.187585
   6.20172      4.112541
   6.27441      3.858570
   6.34711      3.580473
   6.41981      3.311480
   6.49250      3.050102
   6.56520      2.798470
   6.63790      2.566568
   6.71060      2.374083
   6.78329      2.229604
   6.85599      2.116092
   6.92869      2.018370
   7.00138      1.931003
   7.07408      1.852961
   7.14678      1.596352
   7.21948      1.257338
   7.29217      0.888892
   7.36487      0.492214
   7.43757      0.352439
   7.51026      0.396654
   7.51026      2.870853
   7.56153      2.869595
   7.61281      2.865809
   7.66408      2.859624
   7.71535      2.851222
   7.76662      2.840868
   7.81789      2.828861
   7.86916      2.815541
   7.92043      2.801281
   7.97170      2.786499
   8.02297      2.711100
   8.07424      2.464029
   8.12551      2.227791
   8.17678      2.063141
   8.22805      2.224867
   8.27932      2.410147
   8.33059      2.610969
   8.38186      2.694995
   8.43313      2.691446
   8.48440      2.690254
   8.48440      4.187585
   8.53567      4.120350
   8.58694      3.990363
   8.63821      3.841579
   8.68948      3.681981
   8.74075      3.513373
   8.79203      3.336523
   8.84330      3.152290
   8.89457      2.961722
   8.94584      2.766381
   8.99711      2.568286
   9.04838      2.370056
   9.09965      2.174949
   9.15092      1.986971
   9.20219      1.810926
   9.25346      1.652666
   9.30473      1.518710
   9.35600      1.416037
   9.40727      1.351217
   9.45854      1.329010
 
# Band-Index:   12
   9.45854      1.936665
   9.40727      1.940643
   9.35600      1.952410
   9.30473      1.971759
   9.25346      1.998141
   9.20219      2.030850
   9.15092      2.068985
   9.09965      2.174953
   9.04838      2.370061
   8.99711      2.568290
   8.94584      2.766385
   8.89457      2.961726
   8.84330      3.152295
   8.79203      3.336528
   8.74075      3.513378
   8.68948      3.681986
   8.63821      3.841584
   8.58694      3.990368
   8.53567      4.120356
   8.48440      4.187591
   8.48440      3.166055
   8.43313      3.023598
   8.38186      2.818989
   8.33059      2.700806
   8.27932      2.708734
   8.22805      2.718583
   8.17678      2.730106
   8.12551      2.743013
   8.07424      2.756972
   8.02297      2.771594
   7.97170      2.964262
   7.92043      3.218614
   7.86916      3.468903
   7.81789      3.709195
   7.76662      3.932915
   7.71535      4.132674
   7.66408      4.300461
   7.61281      4.428041
   7.56153      4.430711
   7.51026      4.423491
   7.51026      0.396656
   7.43757      0.413700
   7.36487      0.534431
   7.29217      0.996022
   7.21948      1.457012
   7.14678      1.784752
   7.07408      1.907273
   7.00138      2.192595
   6.92869      2.455115
   6.85599      2.697451
   6.78329      2.921428
   6.71060      3.128441
   6.63790      3.319030
   6.56520      3.493332
   6.49250      3.651035
   6.41981      3.791804
   6.34711      3.915459
   6.27441      4.022178
   6.20172      4.147098
   6.12902      4.187591
   6.12902      4.187591
   6.09267      4.219785
   6.05632      4.156432
   6.01997      4.098522
   5.98362      4.076275
   5.94728      4.058849
   5.91093      4.046902
   5.87458      4.041106
   5.83823      4.042148
   5.80188      4.050779
   5.76553      4.067738
   5.72918      4.093799
   5.69284      4.129682
   5.65649      4.175889
   5.62014      4.232539
   5.58379      4.299113
   5.54744      4.373117
   5.51109      4.421903
   5.47474      4.423104
   5.43840      4.423491
   5.43840      4.423491
   5.37544      4.348537
   5.31248      4.174659
   5.24952      3.962993
   5.18657      3.739116
   5.12361      3.511992
   5.06065      3.284687
   4.99769      3.057695
   4.93473      2.830352
   4.87178      2.601089
   4.80882      2.367596
   4.74586      2.127255
   4.68290      1.876902
   4.61995      1.794840
   4.55699      1.636045
   4.49403      1.234896
   4.43107      0.827740
   4.36812      0.447667
   4.30516      0.409451
   4.24220      0.396656
   4.24220      0.396656
   4.19093      0.455297
   4.13966      0.604640
   4.08839      0.803769
   4.03712      1.028308
   3.98585      1.265938
   3.93458      1.509754
   3.88331      1.755079
   3.83204      1.998239
   3.78077      2.235783
   3.72950      2.464532
   3.67823      2.681239
   3.62696      2.882719
   3.57569      3.065735
   3.52442      3.227144
   3.47314      3.364051
   3.42187      3.473647
   3.37060      3.553643
   3.31933      3.602367
   3.26806      3.618726
   3.26806      3.618726
   3.19537      3.531281
   3.12267      3.316018
   3.04997      3.045726
   2.97727      2.762595
   2.90458      2.573640
   2.83188      2.616863
   2.75918      2.588293
   2.68649      2.627208
   2.61379      2.717176
   2.54109      2.834592
   2.46839      2.951304
   2.39570      3.037258
   2.32300      3.064570
   2.25030      3.013282
   2.17761      2.876221
   2.10491      2.660253
   2.03221      2.385244
   1.95951      2.094312
   1.88682      1.936665
   1.88682      1.936665
   1.85047      1.973843
   1.81412      2.057604
   1.77777      2.159093
   1.74142      2.265551
   1.70507      2.371436
   1.66873      2.473993
   1.63238      2.571648
   1.59603      2.663379
   1.55968      2.748484
   1.52333      2.826449
   1.48698      2.896877
   1.45063      2.959471
   1.41429      3.014012
   1.37794      3.060341
   1.34159      3.098339
   1.30524      3.127947
   1.26889      3.149110
   1.23254      3.161822
   1.19619      3.166055
   1.19619      3.166055
   1.13324      3.132674
   1.07028      3.037650
   1.00732      2.894776
   0.94436      2.722401
   0.88141      2.542439
   0.81845      2.499212
   0.75549      2.463467
   0.69253      2.441206
   0.62958      2.438213
   0.56662      2.459741
   0.50366      2.510156
   0.44070      2.592496
   0.37775      2.571995
   0.31479      2.645766
   0.25183      2.890635
   0.18887      3.143222
   0.12592      3.376818
   0.06296      3.551745
   0.00000      3.618726
 
# Band-Index:   13
   0.00000      3.618733
   0.06296      3.559733
   0.12592      3.410767
   0.18887      3.222171
   0.25183      3.030391
   0.31479      2.855561
   0.37775      2.708039
   0.44070      2.773670
   0.50366      2.971765
   0.56662      3.153661
   0.62958      3.306312
   0.69253      3.418301
   0.75549      3.483378
   0.81845      3.503147
   0.88141      3.487164
   0.94436      3.449473
   1.00732      3.404393
   1.07028      3.363791
   1.13324      3.336158
   1.19619      3.326386
   1.19619      3.326386
   1.23254      3.365088
   1.26889      3.473795
   1.30524      3.636140
   1.34159      3.835622
   1.37794      4.059555
   1.41429      4.299105
   1.45063      4.548064
   1.48698      4.801776
   1.52333      5.056448
   1.55968      5.308690
   1.59603      5.555188
   1.63238      5.792493
   1.66873      6.016941
   1.70507      6.224563
   1.74142      6.411149
   1.77777      6.572223
   1.81412      6.703565
   1.85047      6.801463
   1.88682      6.863226
   1.88682      6.863228
   1.95951      6.779049
   2.03221      6.701808
   2.10491      6.511038
   2.17761      6.197045
   2.25030      5.835113
   2.32300      5.446843
   2.39570      5.047450
   2.46839      4.647529
   2.54109      4.254644
   2.61379      3.874528
   2.68649      3.511913
   2.75918      3.171156
   2.83188      2.856731
   2.90458      2.719575
   2.97727      2.890886
   3.04997      3.111699
   3.12267      3.346961
   3.19537      3.540514
   3.26806      3.618733
   3.26806      3.618733
   3.31933      3.602373
   3.37060      3.553650
   3.42187      3.473653
   3.47314      3.364058
   3.52442      3.227151
   3.57569      3.065742
   3.62696      2.882726
   3.67823      2.681245
   3.72950      2.464538
   3.78077      2.235790
   3.83204      1.998246
   3.88331      1.755086
   3.93458      1.509760
   3.98585      1.265944
   4.03712      1.360140
   4.08839      1.471611
   4.13966      1.553794
   4.19093      1.604182
   4.24220      1.621216
   4.24220      1.621216
   4.30516      1.626306
   4.36812      1.641466
   4.43107      1.666512
   4.49403      1.700937
   4.55699      1.744024
   4.61995      2.025483
   4.68290      2.397679
   4.74586      2.747497
   4.80882      3.070383
   4.87178      3.362701
   4.93473      3.622003
   4.99769      3.847071
   5.06065      4.037878
   5.12361      4.195289
   5.18657      4.320807
   5.24952      4.416087
   5.31248      4.482830
   5.37544      4.522290
   5.43840      4.535339
   5.43840      4.535339
   5.47474      4.509967
   5.51109      4.448141
   5.54744      4.419872
   5.58379      4.416970
   5.62014      4.413143
   5.65649      4.408298
   5.69284      4.402338
   5.72918      4.395145
   5.76553      4.386580
   5.80188      4.376520
   5.83823      4.364764
   5.87458      4.351199
   5.91093      4.335595
   5.94728      4.317757
   5.98362      4.297466
   6.01997      4.274525
   6.05632      4.248696
   6.09267      4.297117
   6.12902      4.442807
   6.12902      4.442807
   6.20172      4.258528
   6.27441      4.330748
   6.34711      4.395444
   6.41981      4.441009
   6.49250      4.452730
   6.56520      4.413738
   6.63790      4.308247
   6.71060      4.127266
   6.78329      3.872286
   6.85599      3.553977
   6.92869      3.186652
   7.00138      2.783856
   7.07408      2.356336
   7.14678      1.912081
   7.21948      1.727285
   7.29217      1.681490
   7.36487      1.648215
   7.43757      1.628000
   7.51026      1.621216
   7.51026      4.535339
   7.56153      4.508056
   7.61281      4.452363
   7.66408      4.488639
   7.71535      4.539681
   7.76662      4.605781
   7.81789      4.687285
   7.86916      4.749164
   7.92043      4.676191
   7.97170      4.599565
   8.02297      4.517311
   8.07424      4.427502
   8.12551      4.328351
   8.17678      4.217966
   8.22805      4.094701
   8.27932      3.957101
   8.33059      3.804367
   8.38186      3.637026
   8.43313      3.459441
   8.48440      3.326386
   8.48440      4.442807
   8.53567      4.506620
   8.58694      4.626495
   8.63821      4.758692
   8.68948      4.895842
   8.74075      5.036809
   8.79203      5.181670
   8.84330      5.330688
   8.89457      5.483887
   8.94584      5.640955
   8.99711      5.801080
   9.04838      5.962893
   9.09965      6.124316
   9.15092      6.282400
   9.20219      6.433073
   9.25346      6.571233
   9.30473      6.690424
   9.35600      6.783302
   9.40727      6.842721
   9.45854      6.863226
 
# Band-Index:   14
   9.45854      6.863229
   9.40727      6.842725
   9.35600      6.783305
   9.30473      6.690426
   9.25346      6.571236
   9.20219      6.433077
   9.15092      6.282404
   9.09965      6.124320
   9.04838      5.962897
   8.99711      5.801085
   8.94584      5.640959
   8.89457      5.483891
   8.84330      5.330692
   8.79203      5.181674
   8.74075      5.036813
   8.68948      4.895846
   8.63821      4.758697
   8.58694      4.626499
   8.53567      4.506624
   8.48440      4.442811
   8.48440      7.403737
   8.43313      7.071548
   8.38186      6.759571
   8.33059      6.470132
   8.27932      6.202844
   8.22805      5.957111
   8.17678      5.732312
   8.12551      5.527806
   8.07424      5.342861
   8.02297      5.176730
   7.97170      5.028739
   7.92043      4.898249
   7.86916      4.784614
   7.81789      4.820751
   7.76662      4.893650
   7.71535      4.971061
   7.66408      5.056405
   7.61281      5.151296
   7.56153      5.248227
   7.51026      5.300718
   7.51026      6.481973
   7.43757      6.521608
   7.36487      6.632945
   7.29217      6.795425
   7.21948      6.980823
   7.14678      7.158368
   7.07408      7.298978
   7.00138      7.378989
   6.92869      7.383258
   6.85599      7.307225
   6.78329      7.155917
   6.71060      6.941128
   6.63790      6.677409
   6.56520      6.379234
   6.49250      6.059428
   6.41981      5.728637
   6.34711      5.395372
   6.27441      5.066454
   6.20172      4.747448
   6.12902      4.442811
   6.12902      4.442811
   6.09267      4.589914
   6.05632      4.733344
   6.01997      4.870116
   5.98362      4.997238
   5.94728      5.112340
   5.91093      5.214069
   5.87458      5.302242
   5.83823      5.377630
   5.80188      5.441594
   5.76553      5.495548
   5.72918      5.540917
   5.69284      5.578807
   5.65649      5.610179
   5.62014      5.635765
   5.58379      5.656165
   5.54744      5.653827
   5.51109      5.472500
   5.47474      5.347334
   5.43840      5.300719
   5.43840      5.300718
   5.37544      5.383347
   5.31248      5.579951
   5.24952      5.828906
   5.18657      6.103732
   5.12361      6.394048
   5.06065      6.694880
   4.99769      6.930512
   4.93473      7.129309
   4.87178      7.273389
   4.80882      7.350453
   4.74586      7.356874
   4.68290      7.298095
   4.61995      7.186958
   4.55699      7.041029
   4.49403      6.880327
   4.43107      6.725657
   4.36812      6.597053
   4.30516      6.511833
   4.24220      6.481973
   4.24220      6.481973
   4.19093      6.484194
   4.13966      6.490804
   4.08839      6.501621
   4.03712      6.516483
   3.98585      6.535007
   3.93458      6.556742
   3.88331      6.581234
   3.83204      6.607864
   3.78077      6.635938
   3.72950      6.664913
   3.67823      6.693672
   3.62696      6.721584
   3.57569      6.747940
   3.52442      6.524097
   3.47314      6.255516
   3.42187      6.028051
   3.37060      5.852996
   3.31933      5.741945
   3.26806      5.703769
   3.26806      5.703766
   3.19537      5.794454
   3.12267      6.022166
   3.04997      6.323487
   2.97727      6.649917
   2.90458      6.975964
   2.83188      7.287622
   2.75918      7.582915
   2.68649      7.324802
   2.61379      7.065756
   2.54109      6.862500
   2.46839      6.715650
   2.39570      6.621618
   2.32300      6.574176
   2.25030      6.565886
   2.17761      6.589095
   2.10491      6.636582
   2.03221      6.748126
   1.95951      6.874958
   1.88682      6.863230
   1.88682      6.863229
   1.85047      6.906593
   1.81412      6.950061
   1.77777      6.993333
   1.74142      7.035927
   1.70507      7.077453
   1.66873      7.117569
   1.63238      7.155974
   1.59603      7.192323
   1.55968      7.226373
   1.52333      7.257889
   1.48698      7.286655
   1.45063      7.312445
   1.41429      7.335172
   1.37794      7.354656
   1.34159      7.370973
   1.30524      7.383457
   1.26889      7.392686
   1.23254      7.400703
   1.19619      7.400807
   1.19619      7.408067
   1.13324      7.388896
   1.07028      7.326820
   1.00732      7.247042
   0.94436      7.156519
   0.88141      7.075137
   0.81845      7.023798
   0.75549      7.022928
   0.69253      7.089278
   0.62958      7.162484
   0.56662      7.082769
   0.50366      6.986296
   0.44070      6.870196
   0.37775      6.731540
   0.31479      6.567052
   0.25183      6.374903
   0.18887      6.159343
   0.12592      5.942404
   0.06296      5.771002
   0.00000      5.703772
