#K-Path     Band-1    Band-2    Band-3    Band-4      ...     Band-n
  0.0000  -56.9946  -33.3435  -33.0349  -33.0349  -13.5409   -2.6539   -2.6539   -2.3472   -2.1442    1.8474    1.8474    3.6187    3.6187    5.7038
  0.0630  -56.9943  -33.3430  -33.0377  -33.0355  -13.5275   -2.6936   -2.6562   -2.3586   -2.1375    1.8434    1.8714    3.5517    3.5597    5.7710
  0.1259  -56.9932  -33.3416  -33.0461  -33.0374  -13.4874   -2.8110   -2.6632   -2.3918   -2.1172    1.8314    1.9419    3.3768    3.4108    5.9424
  0.1889  -56.9914  -33.3393  -33.0597  -33.0405  -13.4210   -3.0005   -2.6755   -2.4436   -2.0838    1.8120    2.0545    3.1432    3.2222    6.1593
  0.2518  -56.9890  -33.3363  -33.0783  -33.0447  -13.3285   -3.2529   -2.6938   -2.5097   -2.0401    1.7856    2.2026    2.8906    3.0304    6.3749
  0.3148  -56.9860  -33.3325  -33.1011  -33.0500  -13.2105   -3.5570   -2.7189   -2.5854   -1.9907    1.7532    2.3782    2.6458    2.8556    6.5671
  0.3777  -56.9825  -33.3280  -33.1277  -33.0560  -13.0677   -3.9023   -2.7514   -2.6661   -1.9417    1.7157    2.4271    2.5720    2.7080    6.7315
  0.4407  -56.9786  -33.3231  -33.1571  -33.0628  -12.9006   -4.2792   -2.7915   -2.7478   -1.9001    1.6744    2.2492    2.5925    2.7737    6.8702
  0.5037  -56.9744  -33.3178  -33.1886  -33.0700  -12.7103   -4.6793   -2.8387   -2.8274   -1.8729    1.6305    2.1232    2.5102    2.9718    6.9863
  0.5666  -56.9701  -33.3122  -33.2214  -33.0775  -12.4976   -5.0961   -2.9024   -2.8919   -1.8658    1.5851    2.0567    2.4597    3.1537    7.0828
  0.6296  -56.9656  -33.3066  -33.2544  -33.0852  -12.2633   -5.5239   -2.9712   -2.9495   -1.8815    1.5397    2.0529    2.4382    3.3063    7.1625
  0.6925  -56.9613  -33.3010  -33.2868  -33.0927  -12.0085   -5.9584   -3.0325   -3.0095   -1.9187    1.4954    2.1090    2.4412    3.4183    7.0893
  0.7555  -56.9570  -33.3178  -33.2956  -33.0999  -11.7341   -6.3958   -3.0858   -3.0694   -1.9730    1.4533    2.2173    2.4635    3.4834    7.0229
  0.8184  -56.9531  -33.3464  -33.2907  -33.1066  -11.4410   -6.8333   -3.1308   -3.1268   -2.0376    1.4146    2.3659    2.4992    3.5031    7.0238
  0.8814  -56.9496  -33.3720  -33.2862  -33.1126  -11.1303   -7.2682   -3.1796   -3.1678   -2.1053    1.3802    2.5399    2.5424    3.4872    7.0751
  0.9444  -56.9466  -33.3939  -33.2824  -33.1177  -10.8030   -7.6985   -3.2256   -3.1971   -2.1695    1.3508    2.5874    2.7224    3.4495    7.1565
  1.0073  -56.9441  -33.4115  -33.2793  -33.1218  -10.4600   -8.1223   -3.2631   -3.2191   -2.2248    1.3273    2.6286    2.8948    3.4044    7.2470
  1.0703  -56.9423  -33.4244  -33.2770  -33.1249  -10.1027   -8.5378   -3.2909   -3.2344   -2.2670    1.3101    2.6616    3.0376    3.3638    7.3268
  1.1332  -56.9413  -33.4323  -33.2756  -33.1267   -9.7331   -8.9424   -3.3080   -3.2434   -2.2934    1.2996    2.6829    3.1327    3.3362    7.3889
  1.1962  -56.9409  -33.4350  -33.2752  -33.1274   -9.4051   -9.2821   -3.3137   -3.2464   -2.3025    1.2961    2.6903    3.1661    3.3264    7.4081
  1.1962  -56.9409  -33.4350  -33.2752  -33.1274   -9.4051   -9.2821   -3.3137   -3.2464   -2.3025    1.2961    2.6903    3.1661    3.3264    7.4008
  1.2325  -56.9409  -33.4346  -33.2751  -33.1281   -9.4005   -9.2796   -3.3758   -3.2424   -2.2439    1.2613    2.6822    3.1618    3.3651    7.4007
  1.2689  -56.9407  -33.4334  -33.2749  -33.1305   -9.3867   -9.2722   -3.5322   -3.2307   -2.0983    1.1642    2.6582    3.1491    3.4738    7.3927
  1.3052  -56.9405  -33.4314  -33.2747  -33.1344   -9.3637   -9.2597   -3.7385   -3.2111   -1.9094    1.0209    2.6193    3.1279    3.6361    7.3835
  1.3416  -56.9403  -33.4287  -33.2743  -33.1397   -9.3317   -9.2422   -3.9702   -3.1837   -1.7016    0.8476    2.5670    3.0983    3.8356    7.3710
  1.3779  -56.9399  -33.4253  -33.2739  -33.1464   -9.2908   -9.2197   -4.2159   -3.1485   -1.4855    0.6565    2.5029    3.0603    4.0596    7.3547
  1.4143  -56.9395  -33.4211  -33.2734  -33.1545   -9.2411   -9.1922   -4.4700   -3.1057   -1.2660    0.4556    2.4293    3.0140    4.2991    7.3352
  1.4506  -56.9391  -33.4162  -33.2728  -33.1638   -9.1830   -9.1597   -4.7292   -3.0551   -1.0454    0.2505    2.3479    2.9595    4.5481    7.3124
  1.4870  -56.9386  -33.4106  -33.2722  -33.1741   -9.1220   -9.1166   -4.9917   -2.9970   -0.8247    0.0446    2.2608    2.8969    4.8018    7.2867
  1.5233  -56.9380  -33.4044  -33.2715  -33.1854   -9.0793   -9.0425   -5.2558   -2.9313   -0.6048   -0.1598    2.1699    2.8264    5.0564    7.2579
  1.5597  -56.9375  -33.3975  -33.2709  -33.1975   -9.0314   -8.9610   -5.5202   -2.8582   -0.3857   -0.3608    2.0767    2.7485    5.3087    7.2264
  1.5960  -56.9369  -33.3900  -33.2702  -33.2102   -8.9784   -8.8728   -5.7836   -2.7778   -0.5573   -0.1680    1.9827    2.6634    5.5552    7.1923
  1.6324  -56.9364  -33.3819  -33.2695  -33.2233   -8.9202   -8.7789   -6.0446   -2.6902   -0.7485    0.0483    1.8893    2.5716    5.7925    7.1560
  1.6687  -56.9359  -33.3734  -33.2688  -33.2368   -8.8567   -8.6806   -6.3015   -2.5956   -0.9334    0.2624    1.7976    2.4740    6.0169    7.1176
  1.7051  -56.9354  -33.3643  -33.2682  -33.2503   -8.7880   -8.5801   -6.5518   -2.4940   -1.1118    0.4734    1.7085    2.3714    6.2246    7.0775
  1.7414  -56.9350  -33.3548  -33.2677  -33.2637   -8.7139   -8.4813   -6.7913   -2.3858   -1.2829    0.6800    1.6230    2.2656    6.4111    7.0359
  1.7778  -56.9346  -33.3449  -33.2769  -33.2673   -8.6345   -8.3913   -7.0127   -2.2710   -1.4466    0.8791    1.5416    2.1591    6.5722    6.9933
  1.8141  -56.9344  -33.3346  -33.2897  -33.2669   -8.5498   -8.3246   -7.2016   -2.1500   -1.6025    1.0652    1.4652    2.0576    6.7036    6.9501
  1.8505  -56.9342  -33.3241  -33.3018  -33.2667   -8.4596   -8.3064   -7.3324   -2.0229   -1.7504    1.2249    1.3941    1.9738    6.8015    6.9066
  1.8868  -56.9341  -33.3132  -33.3132  -33.2666   -8.3639   -8.3639   -7.3780   -1.8901   -1.8901    1.3290    1.3290    1.9367    6.8632    6.8632
  1.8868  -56.9341  -33.3132  -33.3132  -33.2666   -8.3639   -8.3639   -7.3780   -1.8901   -1.8901    1.3290    1.3290    1.9367    6.8632    6.8632
  1.9595  -56.9344  -33.3331  -33.2909  -33.2670   -8.6764   -8.1561   -7.2434   -2.1444   -1.6087    1.2179    1.2743    2.0943    6.7790    6.8750
  2.0322  -56.9352  -33.3483  -33.2681  -33.2680   -9.0953   -7.9262   -6.9646   -2.3644   -1.3088    1.0380    1.1346    2.3852    6.7018    6.7481
  2.1049  -56.9367  -33.3578  -33.2699  -33.2451   -9.5338   -7.6739   -6.6296   -2.5499   -0.9943    0.7578    1.0808    2.6603    6.5110    6.6366
  2.1776  -56.9389  -33.3611  -33.2726  -33.2223   -9.9672   -7.3993   -6.2644   -2.7009   -0.6700    0.4647    1.0577    2.8762    6.1970    6.5891
  2.2503  -56.9417  -33.3579  -33.2761  -33.2001  -10.3866   -7.1028   -5.8802   -2.8180   -0.3416    0.1694    1.0661    3.0133    5.8351    6.5659
  2.3230  -56.9451  -33.3481  -33.2805  -33.1785  -10.7877   -6.7848   -5.4845   -2.9019   -0.1219   -0.0161    1.1062    3.0646    5.4468    6.5742
  2.3957  -56.9492  -33.3320  -33.2856  -33.1580  -11.1677   -6.4464   -5.0838   -2.9541   -0.4044    0.2987    1.1780    3.0373    5.0474    6.6216
  2.4684  -56.9537  -33.3101  -33.2914  -33.1388  -11.5248   -6.0889   -4.6857   -2.9762   -0.6744    0.5945    1.2809    2.9513    4.6475    6.7156
  2.5411  -56.9586  -33.2976  -33.2834  -33.1210  -11.8573   -5.7144   -4.2984   -2.9705   -0.9287    0.8635    1.4143    2.8346    4.2546    6.8625
  2.6138  -56.9637  -33.3041  -33.2528  -33.1047  -12.1637   -5.3263   -3.9322   -2.9398   -1.1643    1.0992    1.5770    2.7172    3.8745    7.0658
  2.6865  -56.9689  -33.3107  -33.2196  -33.0900  -12.4428   -4.9287   -3.5985   -2.8873   -1.3787    1.2980    1.7677    2.6272    3.5119    7.3248
  2.7592  -56.9740  -33.3173  -33.1854  -33.0770  -12.6930   -4.5277   -3.3088   -2.8172   -1.5695    1.4591    1.9844    2.5883    3.1712    7.5829
  2.8319  -56.9789  -33.3234  -33.1516  -33.0658  -12.9132   -4.1316   -3.0729   -2.7343   -1.7342    1.5847    2.2250    2.6169    2.8567    7.2876
  2.9046  -56.9833  -33.3291  -33.1197  -33.0563  -13.1021   -3.7511   -2.8960   -2.6446   -1.8710    1.6790    2.4860    2.5736    2.7196    6.9760
  2.9773  -56.9872  -33.3340  -33.0912  -33.0486  -13.2585   -3.4003   -2.7765   -2.5548   -1.9782    1.7473    2.3276    2.7626    2.8909    6.6499
  3.0500  -56.9904  -33.3380  -33.0675  -33.0426  -13.3813   -3.0964   -2.7061   -2.4726   -2.0561    1.7945    2.1253    3.0457    3.1117    6.3235
  3.1227  -56.9927  -33.3410  -33.0497  -33.0383  -13.4697   -2.8588   -2.6711   -2.4060   -2.1071    1.8250    1.9737    3.3160    3.3470    6.0222
  3.1954  -56.9941  -33.3428  -33.0387  -33.0358  -13.5230   -2.7065   -2.6573   -2.3624   -2.1353    1.8420    1.8794    3.5313    3.5405    5.7945
  3.2681  -56.9946  -33.3435  -33.0349  -33.0349  -13.5409   -2.6539   -2.6539   -2.3472   -2.1442    1.8474    1.8474    3.6187    3.6187    5.7038
  3.2681  -56.9946  -33.3435  -33.0349  -33.0349  -13.5409   -2.6539   -2.6539   -2.3472   -2.1442    1.8474    1.8474    3.6187    3.6187    5.7038
  3.3193  -56.9945  -33.3448  -33.0348  -33.0348  -13.5316   -2.6466   -2.6466   -2.5904   -1.9111    1.8215    1.8215    3.6024    3.6024    5.7419
  3.3706  -56.9942  -33.3490  -33.0345  -33.0345  -13.5038   -2.9211   -2.6247   -2.6247   -1.6102    1.7471    1.7471    3.5536    3.5536    5.8530
  3.4219  -56.9937  -33.3557  -33.0339  -33.0339  -13.4579   -3.2644   -2.5882   -2.5882   -1.3153    1.6327    1.6327    3.4736    3.4737    6.0281
  3.4731  -56.9931  -33.3649  -33.0332  -33.0332  -13.3943   -3.6150   -2.5372   -2.5372   -1.0300    1.4891    1.4891    3.3641    3.3641    6.2555
  3.5244  -56.9923  -33.3763  -33.0323  -33.0323  -13.3136   -3.9703   -2.4720   -2.4720   -0.7547    1.3269    1.3269    3.2271    3.2272    6.5241
  3.5757  -56.9913  -33.3895  -33.0312  -33.0312  -13.2168   -4.3277   -2.3926   -2.3926   -0.4894    1.1550    1.1550    3.0657    3.0657    6.7479
  3.6270  -56.9902  -33.4042  -33.0301  -33.0301  -13.1049   -4.6849   -2.2993   -2.2993   -0.2339    0.9802    0.9802    2.8827    2.8827    6.7216
  3.6782  -56.9891  -33.4199  -33.0288  -33.0288  -12.9793   -5.0393   -2.1925   -2.1925    0.0118    0.8080    0.8080    2.6812    2.6812    6.6937
  3.7295  -56.9879  -33.4363  -33.0275  -33.0275  -12.8417   -5.3883   -2.0726   -2.0725    0.2472    0.6424    0.6424    2.4645    2.4645    6.6649
  3.7808  -56.9867  -33.4528  -33.0261  -33.0261  -12.6943   -5.7290   -1.9400   -1.9400    0.4715    0.4863    0.4863    2.2358    2.2358    6.6359
  3.8320  -56.9855  -33.4691  -33.0248  -33.0248  -12.5395   -6.0581   -1.7955   -1.7955    0.3422    0.3422    0.6834    1.9982    1.9982    6.6079
  3.8833  -56.9843  -33.4846  -33.0235  -33.0235  -12.3805   -6.3719   -1.6400   -1.6400    0.2118    0.2118    0.8809    1.7551    1.7551    6.5812
  3.9346  -56.9832  -33.4991  -33.0223  -33.0223  -12.2214   -6.6658   -1.4748   -1.4748    0.0965    0.0966    1.0616    1.5098    1.5098    6.5567
  3.9858  -56.9823  -33.5119  -33.0213  -33.0213  -12.0672   -6.9345   -1.3017   -1.3017   -0.0025   -0.0025    1.2224    1.2659    1.2659    6.5350
  4.0371  -56.9814  -33.5230  -33.0204  -33.0204  -11.9241   -7.1716   -1.1241   -1.1240   -0.0846   -0.0846    1.0283    1.0283    1.3601    6.5165
  4.0884  -56.9808  -33.5319  -33.0196  -33.0196  -11.7996   -7.3694   -0.9474   -0.9474   -0.1491   -0.1491    0.8038    0.8038    1.4716    6.5016
  4.1397  -56.9803  -33.5384  -33.0191  -33.0191  -11.7019   -7.5194   -0.7831   -0.7830   -0.1954   -0.1954    0.6046    0.6046    1.5538    6.4908
  4.1909  -56.9800  -33.5424  -33.0188  -33.0188  -11.6392   -7.6136   -0.6549   -0.6549   -0.2233   -0.2233    0.4553    0.4553    1.6042    6.4842
  4.2422  -56.9799  -33.5438  -33.0186  -33.0186  -11.6175   -7.6457   -0.6034   -0.6034   -0.2326   -0.2326    0.3967    0.3967    1.6212    6.4820
  4.2422  -56.9799  -33.5438  -33.0186  -33.0186  -11.6175   -7.6457   -0.6034   -0.6034   -0.2326   -0.2326    0.3967    0.3967    1.6212    6.4820
  4.3052  -56.9795  -33.5431  -33.0213  -33.0192  -11.6110   -7.6283   -0.8760   -0.8565    0.0184    0.0291    0.3634    0.4095    1.6263    6.5118
  4.3681  -56.9784  -33.5413  -33.0293  -33.0210  -11.5916   -7.5765   -1.2931   -1.2235    0.2668    0.3717    0.4213    0.4477    1.6415    6.5971
  4.4311  -56.9767  -33.5382  -33.0424  -33.0239  -11.5592   -7.4907   -1.7374   -1.5893    0.1155    0.5109    0.7130    0.8277    1.6665    6.7257
  4.4940  -56.9743  -33.5340  -33.0601  -33.0278  -11.5137   -7.3719   -2.1959   -1.9427   -0.0791    0.5983    1.0336    1.2349    1.7009    6.8803
  4.5570  -56.9714  -33.5288  -33.0820  -33.0327  -11.4551   -7.2217   -2.6624   -2.2801   -0.3046    0.7089    1.3331    1.6360    1.7440    7.0410
  4.6199  -56.9679  -33.5228  -33.1075  -33.0384  -11.3834   -7.0417   -3.1320   -2.5992   -0.5499    0.8413    1.6133    1.7948    2.0255    7.1870
  4.6829  -56.9641  -33.5160  -33.1357  -33.0447  -11.2984   -6.8341   -3.6005   -2.8987   -0.8056    0.9935    1.8522    1.8769    2.3977    7.2981
  4.7459  -56.9599  -33.5087  -33.1660  -33.0515  -11.2002   -6.6019   -4.0641   -3.1773   -1.0640    1.1633    1.9148    2.1273    2.7475    7.3569
  4.8088  -56.9556  -33.5012  -33.1974  -33.0586  -11.0891   -6.3481   -4.5191   -3.4341   -1.3195    1.3479    1.9811    2.3676    3.0704    7.3505
  4.8718  -56.9513  -33.4934  -33.2291  -33.0657  -10.9653   -6.0764   -4.9624   -3.6683   -1.5678    1.5438    2.0494    2.6011    3.3627    7.2734
  4.9347  -56.9469  -33.4858  -33.2602  -33.0728  -10.8295   -5.7912   -5.3905   -3.8793   -1.8061    1.7469    2.1178    2.8304    3.6220    7.1293
  4.9977  -56.9428  -33.4785  -33.2899  -33.0795  -10.6828   -5.8002   -5.4974   -4.0665   -2.0327    1.9522    2.1844    3.0577    3.8471    6.9305
  5.0606  -56.9389  -33.4717  -33.3174  -33.0858  -10.5271   -6.1875   -5.2004   -4.2296   -2.2470    2.1538    2.2474    3.2847    4.0379    6.6949
  5.1236  -56.9355  -33.4656  -33.3420  -33.0914  -10.3655   -6.5478   -4.9066   -4.3681   -2.4495    2.3046    2.3449    3.5120    4.1953    6.3940
  5.1866  -56.9325  -33.4604  -33.3631  -33.0962  -10.2033   -6.8744   -4.6227   -4.4818   -2.6410    2.3544    2.5178    3.7391    4.3208    6.1037
  5.2495  -56.9301  -33.4561  -33.3800  -33.1001  -10.0489   -7.1578   -4.5705   -4.3568   -2.8222    2.3950    2.6643    3.9630    4.4161    5.8289
  5.3125  -56.9283  -33.4530  -33.3924  -33.1030   -9.9156   -7.3837   -4.6339   -4.1203   -2.9903    2.4251    2.7763    4.1747    4.4828    5.5800
  5.3754  -56.9272  -33.4511  -33.4000  -33.1047   -9.8223   -7.5329   -4.6721   -3.9364   -3.1297    2.4436    2.8468    4.3485    4.5223    5.3833
  5.4384  -56.9269  -33.4505  -33.4026  -33.1053   -9.7882   -7.5856   -4.6848   -3.8591   -3.1915    2.4498    2.8709    4.4235    4.5353    5.3007
  5.4384  -56.9269  -33.4505  -33.4026  -33.1053   -9.7882   -7.5856   -4.6848   -3.8591   -3.1915    2.4498    2.8709    4.4235    4.5353    5.3007
  5.4747  -56.9268  -33.4504  -33.4022  -33.1061   -9.7849   -7.5872   -4.6931   -3.8548   -3.1923    2.4500    2.8758    4.4231    4.5100    5.3473
  5.5111  -56.9267  -33.4502  -33.4010  -33.1083   -9.7750   -7.5921   -4.7180   -3.8421   -3.1945    2.4506    2.8905    4.4219    4.4481    5.4725
  5.5474  -56.9265  -33.4498  -33.3992  -33.1120   -9.7585   -7.6004   -4.7585   -3.8212   -3.1981    2.4516    2.9149    4.3731    4.4199    5.6538
  5.5838  -56.9263  -33.4494  -33.3965  -33.1172   -9.7355   -7.6125   -4.8132   -3.7924   -3.2030    2.4528    2.9489    4.2991    4.4170    5.6562
  5.6201  -56.9259  -33.4488  -33.3932  -33.1237   -9.7058   -7.6286   -4.8801   -3.7564   -3.2089    2.4543    2.9924    4.2325    4.4131    5.6358
  5.6565  -56.9255  -33.4481  -33.3891  -33.1314   -9.6696   -7.6494   -4.9570   -3.7139   -3.2155    2.4561    3.0452    4.1759    4.4083    5.6102
  5.6928  -56.9251  -33.4473  -33.3843  -33.1404   -9.6268   -7.6754   -5.0414   -3.6657   -3.2227    2.4579    3.1069    4.1297    4.4023    5.5788
  5.7292  -56.9246  -33.4464  -33.3789  -33.1503   -9.5775   -7.7074   -5.1305   -3.6130   -3.2300    2.4598    3.1775    4.0938    4.3951    5.5409
  5.7655  -56.9241  -33.4455  -33.3728  -33.1612   -9.5216   -7.7461   -5.2214   -3.5570   -3.2371    2.4616    3.2565    4.0677    4.3866    5.4955
  5.8019  -56.9235  -33.4446  -33.3662  -33.1729   -9.4591   -7.7923   -5.3115   -3.4992   -3.2435    2.4634    3.3438    4.0508    4.3765    5.4416
  5.8382  -56.9230  -33.4437  -33.3589  -33.1851   -9.3901   -7.8469   -5.3980   -3.4412   -3.2489    2.4651    3.4389    4.0421    4.3648    5.3776
  5.8746  -56.9225  -33.4427  -33.3511  -33.1978   -9.3146   -7.9105   -5.4785   -3.3848   -3.2529    2.4666    3.5416    4.0411    4.3512    5.3022
  5.9109  -56.9220  -33.4419  -33.3428  -33.2107   -9.2326   -7.9835   -5.5510   -3.3319   -3.2550    2.4679    3.6515    4.0469    4.3356    5.2141
  5.9473  -56.9215  -33.4410  -33.3340  -33.2238   -9.1440   -8.0661   -5.6138   -3.2847   -3.2548    2.4691    3.7683    4.0588    4.3178    5.1123
  5.9836  -56.9211  -33.4403  -33.3248  -33.2368   -9.0490   -8.1580   -5.6658   -3.2520   -3.2453    2.4701    3.8916    4.0763    4.2975    4.9972
  6.0200  -56.9208  -33.4397  -33.3152  -33.2495   -8.9476   -8.2588   -5.7062   -3.2461   -3.2157    2.4711    4.0212    4.0985    4.2745    4.8701
  6.0563  -56.9205  -33.4393  -33.3053  -33.2618   -8.8397   -8.3676   -5.7349   -3.2367   -3.1982    2.4719    4.1249    4.1564    4.2487    4.7333
  6.0927  -56.9203  -33.4390  -33.2951  -33.2736   -8.7254   -8.4833   -5.7519   -3.2234   -3.1944    2.4725    4.1548    4.2198    4.2971    4.5899
  6.1290  -56.9203  -33.4389  -33.2846  -33.2846   -8.6047   -8.6047   -5.7574   -3.2059   -3.2059    2.4728    4.1876    4.1876    4.4428    4.4428
  6.1290  -56.9203  -33.4389  -33.2846  -33.2846   -8.6047   -8.6047   -5.7574   -3.2059   -3.2059    2.4728    4.1876    4.1876    4.4428    4.4428
  6.2017  -56.9205  -33.4393  -33.3038  -33.2630   -8.8597   -8.3443   -5.7362   -3.2794   -3.1571    2.4710    4.1125    4.1471    4.2585    4.7474
  6.2744  -56.9213  -33.4407  -33.3185  -33.2410   -9.1232   -8.0589   -5.6755   -3.4224   -3.0877    2.4631    3.8586    4.0222    4.3307    5.0665
  6.3471  -56.9228  -33.4433  -33.3278  -33.2189   -9.3872   -7.7487   -5.5789   -3.6311   -2.9957    2.4446    3.5805    3.9155    4.3954    5.3954
  6.4198  -56.9249  -33.4470  -33.3310  -33.1970   -9.6457   -7.4142   -5.4493   -3.8959   -2.8797    2.4110    3.3115    3.7918    4.4410    5.7286
  6.4925  -56.9277  -33.4519  -33.3280  -33.1756   -9.8942   -7.0560   -5.2887   -4.2038   -2.7384    2.3589    3.0501    3.6510    4.4527    6.0594
  6.5652  -56.9311  -33.4579  -33.3187  -33.1549  -10.1296   -6.6748   -5.0983   -4.5413   -2.5714    2.2846    2.7985    3.4933    4.4137    6.3792
  6.6379  -56.9350  -33.4649  -33.3033  -33.1354  -10.3498   -6.2714   -4.8956   -4.8793   -2.3786    2.1800    2.5666    3.3190    4.3082    6.6774
  6.7106  -56.9395  -33.4727  -33.2824  -33.1170  -10.5535   -5.8469   -5.2554   -4.6324   -2.1608    2.0299    2.3741    3.1284    4.1273    6.9411
  6.7833  -56.9443  -33.4812  -33.2567  -33.1000  -10.7397   -5.6111   -5.4025   -4.3583   -1.9194    1.8319    2.2296    2.9214    3.8723    7.1559
  6.8560  -56.9494  -33.4901  -33.2274  -33.0845  -10.9081   -5.9547   -4.9397   -4.0580   -1.6569    1.6102    2.1161    2.6975    3.5540    7.3072
  6.9287  -56.9545  -33.4992  -33.1956  -33.0706  -11.0583   -6.2793   -4.4607   -3.7325   -1.3769    1.3870    2.0184    2.4551    3.1867    7.3833
  7.0014  -56.9596  -33.5081  -33.1628  -33.0583  -11.1905   -6.5790   -3.9676   -3.3831   -1.0846    1.1745    1.9310    2.1926    2.7839    7.3790
  7.0741  -56.9644  -33.5165  -33.1304  -33.0477  -11.3045   -6.8489   -3.4633   -3.0115   -0.7868    0.9801    1.8530    1.9073    2.3563    7.2990
  7.1468  -56.9687  -33.5242  -33.0998  -33.0388  -11.4006   -7.0846   -2.9513   -2.6196   -0.4931    0.8086    1.5964    1.7848    1.9121    7.1584
  7.2195  -56.9726  -33.5309  -33.0725  -33.0315  -11.4790   -7.2825   -2.4360   -2.2098   -0.2157    0.6638    1.2573    1.4570    1.7273    6.9808
  7.2922  -56.9757  -33.5364  -33.0498  -33.0259  -11.5397   -7.4396   -1.9224   -1.7850    0.0298    0.5484    0.8889    0.9960    1.6815    6.7954
  7.3649  -56.9780  -33.5404  -33.0328  -33.0218  -11.5830   -7.5535   -1.4176   -1.3494    0.2253    0.4646    0.4922    0.5344    1.6482    6.6329
  7.4376  -56.9794  -33.5429  -33.0222  -33.0194  -11.6089   -7.6225   -0.9354   -0.9143    0.0767    0.0835    0.3524    0.4137    1.6280    6.5216
  7.5103  -56.9799  -33.5438  -33.0186  -33.0186  -11.6175   -7.6457   -0.6034   -0.6034   -0.2326   -0.2326    0.3967    0.3967    1.6212    6.4820
  7.5103  -56.9269  -33.4505  -33.4026  -33.1053   -9.7882   -7.5856   -4.6848   -3.8591   -3.1915    2.4498    2.8709    4.4235    4.5353    5.3007
  7.5615  -56.9270  -33.4493  -33.4028  -33.1055   -9.7849   -7.6050   -4.6777   -3.8366   -3.1919    2.4285    2.8696    4.4307    4.5081    5.2482
  7.6128  -56.9273  -33.4458  -33.4034  -33.1059   -9.7751   -7.6611   -4.6567   -3.7712   -3.1929    2.3679    2.8658    4.4280    4.4524    5.1513
  7.6641  -56.9277  -33.4401  -33.4045  -33.1066   -9.7589   -7.7493   -4.6220   -3.6688   -3.1947    2.2772    2.8596    4.3005    4.4886    5.0564
  7.7153  -56.9284  -33.4322  -33.4060  -33.1076   -9.7369   -7.8627   -4.5739   -3.5373   -3.1971    2.1686    2.8512    4.1327    4.5397    4.9711
  7.7666  -56.9291  -33.4225  -33.4078  -33.1089   -9.7095   -7.9944   -4.5131   -3.3860   -3.2000    2.0551    2.8409    3.9329    4.6058    4.8936
  7.8179  -56.9300  -33.4112  -33.4099  -33.1103   -9.6774   -8.1376   -4.4402   -3.2241   -3.2034    1.9489    2.8289    3.7092    4.6873    4.8208
  7.8692  -56.9311  -33.4123  -33.3985  -33.1119   -9.6414   -8.2867   -4.3564   -3.2073   -3.0605    1.8607    2.8155    3.4689    4.7492    4.7846
  7.9204  -56.9322  -33.4148  -33.3849  -33.1136   -9.6025   -8.4369   -4.2627   -3.2115   -2.9033    1.7996    2.8013    3.2186    4.6762    4.8982
  7.9717  -56.9333  -33.4175  -33.3707  -33.1154   -9.5616   -8.5842   -4.1608   -3.2160   -2.7596    1.7727    2.7865    2.9643    4.5996    5.0287
  8.0230  -56.9345  -33.4201  -33.3562  -33.1172   -9.5198   -8.7254   -4.0525   -3.2205   -2.6347    1.7849    2.7111    2.7716    4.5173    5.1767
  8.0742  -56.9356  -33.4228  -33.3419  -33.1190   -9.4784   -8.8579   -3.9400   -3.2250   -2.5319    1.8384    2.4640    2.7570    4.4275    5.3429
  8.1255  -56.9367  -33.4253  -33.3281  -33.1208   -9.4383   -8.9794   -3.8261   -3.2294   -2.4522    1.9323    2.2278    2.7430    4.3284    5.5278
  8.1768  -56.9377  -33.4276  -33.3153  -33.1224   -9.4008   -9.0881   -3.7141   -3.2334   -2.3941    2.0072    2.0631    2.7301    4.2180    5.7323
  8.2281  -56.9386  -33.4297  -33.3038  -33.1238   -9.3669   -9.1825   -3.6077   -3.2371   -2.3545    1.8074    2.2249    2.7186    4.0947    5.9571
  8.2793  -56.9394  -33.4315  -33.2939  -33.1250   -9.3377   -9.2613   -3.5113   -3.2403   -2.3294    1.6335    2.4101    2.7087    3.9571    6.2028
  8.3306  -56.9400  -33.4330  -33.2858  -33.1260   -9.3237   -9.3139   -3.4294   -3.2429   -2.3147    1.4908    2.6110    2.7008    3.8044    6.4701
  8.3819  -56.9405  -33.4340  -33.2799  -33.1268   -9.3687   -9.2965   -3.3667   -3.2448   -2.3070    1.3843    2.6950    2.8190    3.6370    6.7596
  8.4331  -56.9408  -33.4347  -33.2763  -33.1272   -9.3960   -9.2857   -3.3272   -3.2460   -2.3034    1.3184    2.6914    3.0236    3.4594    7.0715
  8.4844  -56.9409  -33.4350  -33.2752  -33.1274   -9.4051   -9.2821   -3.3137   -3.2464   -2.3025    1.2961    2.6903    3.1661    3.3264    7.4037
  8.4844  -56.9203  -33.4389  -33.2846  -33.2846   -8.6047   -8.6047   -5.7574   -3.2059   -3.2059    2.4728    4.1876    4.1876    4.4428    4.4428
  8.5357  -56.9204  -33.4377  -33.2848  -33.2848   -8.6029   -8.6029   -5.7706   -3.2003   -3.2003    2.4704    4.1203    4.1204    4.5066    4.5066
  8.5869  -56.9206  -33.4342  -33.2854  -33.2853   -8.5977   -8.5976   -5.8095   -3.1834   -3.1834    2.4630    3.9904    3.9904    4.6265    4.6265
  8.6382  -56.9211  -33.4286  -33.2863  -33.2863   -8.5891   -8.5890   -5.8725   -3.1552   -3.1551    2.4502    3.8416    3.8416    4.7587    4.7587
  8.6895  -56.9217  -33.4209  -33.2876  -33.2876   -8.5774   -8.5774   -5.9568   -3.1157   -3.1157    2.4313    3.6820    3.6820    4.8958    4.8958
  8.7408  -56.9225  -33.4113  -33.2892  -33.2892   -8.5631   -8.5631   -6.0591   -3.0652   -3.0651    2.4061    3.5134    3.5134    5.0368    5.0368
  8.7920  -56.9234  -33.4002  -33.2911  -33.2911   -8.5466   -8.5466   -6.1753   -3.0036   -3.0036    2.3747    3.3365    3.3365    5.1817    5.1817
  8.8433  -56.9244  -33.3878  -33.2932  -33.2932   -8.5284   -8.5284   -6.3014   -2.9314   -2.9313    2.3375    3.1523    3.1523    5.3307    5.3307
  8.8946  -56.9255  -33.3744  -33.2954  -33.2954   -8.5091   -8.5091   -6.4334   -2.8489   -2.8489    2.2957    2.9617    2.9617    5.4839    5.4839
  8.9458  -56.9266  -33.3604  -33.2977  -33.2977   -8.4892   -8.4891   -6.5673   -2.7571   -2.7571    2.2505    2.7664    2.7664    5.6410    5.6410
  8.9971  -56.9278  -33.3462  -33.3001  -33.3001   -8.4693   -8.4692   -6.6994   -2.6570   -2.6570    2.2037    2.5683    2.5683    5.8011    5.8011
  9.0484  -56.9289  -33.3322  -33.3024  -33.3024   -8.4499   -8.4499   -6.8264   -2.5503   -2.5502    2.1568    2.3701    2.3701    5.9629    5.9629
  9.0996  -56.9300  -33.3187  -33.3047  -33.3047   -8.4316   -8.4316   -6.9453   -2.4390   -2.4390    2.1114    2.1749    2.1750    6.1243    6.1243
  9.1509  -56.9310  -33.3068  -33.3068  -33.3061   -8.4148   -8.4148   -7.0536   -2.3263   -2.3263    1.9870    1.9870    2.0690    6.2824    6.2824
  9.2022  -56.9319  -33.3086  -33.3086  -33.2948   -8.4000   -8.4000   -7.1489   -2.2160   -2.2160    1.8109    1.8109    2.0308    6.4331    6.4331
  9.2535  -56.9327  -33.3102  -33.3102  -33.2850   -8.3874   -8.3873   -7.2294   -2.1128   -2.1128    1.6527    1.6527    1.9981    6.5712    6.5712
  9.3047  -56.9333  -33.3115  -33.3115  -33.2772   -8.3773   -8.3772   -7.2936   -2.0225   -2.0225    1.5187    1.5187    1.9718    6.6904    6.6904
  9.3560  -56.9338  -33.3125  -33.3125  -33.2714   -8.3699   -8.3699   -7.3402   -1.9515   -1.9515    1.4160    1.4160    1.9524    6.7833    6.7833
  9.4073  -56.9340  -33.3130  -33.3130  -33.2678   -8.3654   -8.3654   -7.3685   -1.9059   -1.9059    1.3512    1.3512    1.9406    6.8427    6.8427
  9.4585  -56.9341  -33.3132  -33.3132  -33.2666   -8.3639   -8.3639   -7.3780   -1.8901   -1.8901    1.3290    1.3290    1.9367    6.8632    6.8632
