      #Energy        TDOS
     -60.25604       0.00000
     -60.22004       0.00000
     -60.18504       0.00000
     -60.15004       0.00000
     -60.11404       0.00000
     -60.07904       0.00000
     -60.04304       0.00000
     -60.00804       0.00000
     -59.97204       0.00000
     -59.93704       0.00000
     -59.90104       0.00000
     -59.86604       0.00000
     -59.83104       0.00000
     -59.79504       0.00000
     -59.76004       0.00000
     -59.72404       0.00000
     -59.68904       0.00000
     -59.65304       0.00000
     -59.61804       0.00000
     -59.58204       0.00000
     -59.54704       0.00000
     -59.51204       0.00000
     -59.47604       0.00000
     -59.44104       0.00000
     -59.40504       0.00000
     -59.37004       0.00000
     -59.33404       0.00000
     -59.29904       0.00000
     -59.26304       0.00000
     -59.22804       0.00000
     -59.19304       0.00000
     -59.15704       0.00000
     -59.12204       0.00000
     -59.08604       0.00000
     -59.05104       0.00000
     -59.01504       0.00000
     -58.98004       0.00000
     -58.94404       0.00000
     -58.90904       0.00000
     -58.87404       0.00000
     -58.83804       0.00000
     -58.80304       0.00000
     -58.76704       0.00000
     -58.73204       0.00000
     -58.69604       0.00000
     -58.66104       0.00000
     -58.62504       0.00000
     -58.59004       0.00000
     -58.55504       0.00000
     -58.51904       0.00000
     -58.48404       0.00000
     -58.44804       0.00000
     -58.41304       0.00000
     -58.37704       0.00000
     -58.34204       0.00000
     -58.30604       0.00000
     -58.27104       0.00000
     -58.23604       0.00000
     -58.20004       0.00000
     -58.16504       0.00000
     -58.12904       0.00000
     -58.09404       0.00000
     -58.05804       0.00000
     -58.02304       0.00000
     -57.98804       0.00000
     -57.95204       0.00000
     -57.91704       0.00000
     -57.88104       0.00000
     -57.84604       0.00000
     -57.81004       0.00000
     -57.77504       0.00000
     -57.73904       0.00000
     -57.70404       0.00000
     -57.66904       0.00000
     -57.63304       0.00000
     -57.59804       0.00000
     -57.56204       0.00000
     -57.52704       0.00000
     -57.49104       0.00000
     -57.45604       0.00000
     -57.42004       0.00000
     -57.38504       0.00000
     -57.35004       0.00000
     -57.31404       0.00000
     -57.27904       0.00000
     -57.24304       0.00000
     -57.20804       0.00000
     -57.17204       0.00000
     -57.13704       0.00000
     -57.10104       0.00000
     -57.06604       0.00000
     -57.03104       0.09837
     -56.99504       0.88895
     -56.96004       2.22941
     -56.92404       2.87766
     -56.88904       2.87766
     -56.85304       2.87766
     -56.81804       2.87766
     -56.78204       2.87766
     -56.74704       2.87766
     -56.71204       2.87766
     -56.67604       2.87766
     -56.64104       2.87766
     -56.60504       2.87766
     -56.57004       2.87766
     -56.53404       2.87766
     -56.49904       2.87766
     -56.46304       2.87766
     -56.42804       2.87766
     -56.39304       2.87766
     -56.35704       2.87766
     -56.32204       2.87766
     -56.28604       2.87766
     -56.25104       2.87766
     -56.21504       2.87766
     -56.18004       2.87766
     -56.14404       2.87766
     -56.10904       2.87766
     -56.07404       2.87766
     -56.03804       2.87766
     -56.00304       2.87766
     -55.96704       2.87766
     -55.93204       2.87766
     -55.89604       2.87766
     -55.86104       2.87766
     -55.82504       2.87766
     -55.79004       2.87766
     -55.75504       2.87766
     -55.71904       2.87766
     -55.68404       2.87766
     -55.64804       2.87766
     -55.61304       2.87766
     -55.57704       2.87766
     -55.54204       2.87766
     -55.50604       2.87766
     -55.47104       2.87766
     -55.43604       2.87766
     -55.40004       2.87766
     -55.36504       2.87766
     -55.32904       2.87766
     -55.29404       2.87766
     -55.25804       2.87766
     -55.22304       2.87766
     -55.18804       2.87766
     -55.15204       2.87766
     -55.11704       2.87766
     -55.08104       2.87766
     -55.04604       2.87766
     -55.01004       2.87766
     -54.97504       2.87766
     -54.93904       2.87766
     -54.90404       2.87766
     -54.86904       2.87766
     -54.83304       2.87766
     -54.79804       2.87766
     -54.76204       2.87766
     -54.72704       2.87766
     -54.69104       2.87766
     -54.65604       2.87766
     -54.62004       2.87766
     -54.58504       2.87766
     -54.55004       2.87766
     -54.51404       2.87766
     -54.47904       2.87766
     -54.44304       2.87766
     -54.40804       2.87766
     -54.37204       2.87766
     -54.33704       2.87766
     -54.30104       2.87766
     -54.26604       2.87766
     -54.23104       2.87766
     -54.19504       2.87766
     -54.16004       2.87766
     -54.12404       2.87766
     -54.08904       2.87766
     -54.05304       2.87766
     -54.01804       2.87766
     -53.98204       2.87766
     -53.94704       2.87766
     -53.91204       2.87766
     -53.87604       2.87766
     -53.84104       2.87766
     -53.80504       2.87766
     -53.77004       2.87766
     -53.73404       2.87766
     -53.69904       2.87766
     -53.66304       2.87766
     -53.62804       2.87766
     -53.59304       2.87766
     -53.55704       2.87766
     -53.52204       2.87766
     -53.48604       2.87766
     -53.45104       2.87766
     -53.41504       2.87766
     -53.38004       2.87766
     -53.34404       2.87766
     -53.30904       2.87766
     -53.27404       2.87766
     -53.23804       2.87766
     -53.20304       2.87766
     -53.16704       2.87766
     -53.13204       2.87766
     -53.09604       2.87766
     -53.06104       2.87766
     -53.02504       2.87766
     -52.99004       2.87766
     -52.95504       2.87766
     -52.91904       2.87766
     -52.88404       2.87766
     -52.84804       2.87766
     -52.81304       2.87766
     -52.77704       2.87766
     -52.74204       2.87766
     -52.70604       2.87766
     -52.67104       2.87766
     -52.63604       2.87766
     -52.60004       2.87766
     -52.56504       2.87766
     -52.52904       2.87766
     -52.49404       2.87766
     -52.45804       2.87766
     -52.42304       2.87766
     -52.38704       2.87766
     -52.35204       2.87766
     -52.31704       2.87766
     -52.28104       2.87766
     -52.24604       2.87766
     -52.21004       2.87766
     -52.17504       2.87766
     -52.13904       2.87766
     -52.10404       2.87766
     -52.06904       2.87766
     -52.03304       2.87766
     -51.99804       2.87766
     -51.96204       2.87766
     -51.92704       2.87766
     -51.89104       2.87766
     -51.85604       2.87766
     -51.82004       2.87766
     -51.78504       2.87766
     -51.75004       2.87766
     -51.71404       2.87766
     -51.67904       2.87766
     -51.64304       2.87766
     -51.60804       2.87766
     -51.57204       2.87766
     -51.53704       2.87766
     -51.50104       2.87766
     -51.46604       2.87766
     -51.43104       2.87766
     -51.39504       2.87766
     -51.36004       2.87766
     -51.32404       2.87766
     -51.28904       2.87766
     -51.25304       2.87766
     -51.21804       2.87766
     -51.18204       2.87766
     -51.14704       2.87766
     -51.11204       2.87766
     -51.07604       2.87766
     -51.04104       2.87766
     -51.00504       2.87766
     -50.97004       2.87766
     -50.93404       2.87766
     -50.89904       2.87766
     -50.86304       2.87766
     -50.82804       2.87766
     -50.79304       2.87766
     -50.75704       2.87766
     -50.72204       2.87766
     -50.68604       2.87766
     -50.65104       2.87766
     -50.61504       2.87766
     -50.58004       2.87766
     -50.54404       2.87766
     -50.50904       2.87766
     -50.47404       2.87766
     -50.43804       2.87766
     -50.40304       2.87766
     -50.36704       2.87766
     -50.33204       2.87766
     -50.29604       2.87766
     -50.26104       2.87766
     -50.22504       2.87766
     -50.19004       2.87766
     -50.15504       2.87766
     -50.11904       2.87766
     -50.08404       2.87766
     -50.04804       2.87766
     -50.01304       2.87766
     -49.97704       2.87766
     -49.94204       2.87766
     -49.90604       2.87766
     -49.87104       2.87766
     -49.83604       2.87766
     -49.80004       2.87766
     -49.76504       2.87766
     -49.72904       2.87766
     -49.69404       2.87766
     -49.65804       2.87766
     -49.62304       2.87766
     -49.58704       2.87766
     -49.55204       2.87766
     -49.51704       2.87766
     -49.48104       2.87766
     -49.44604       2.87766
     -49.41004       2.87766
     -49.37504       2.87766
     -49.33904       2.87766
     -49.30404       2.87766
     -49.26904       2.87766
     -49.23304       2.87766
     -49.19804       2.87766
     -49.16204       2.87766
     -49.12704       2.87766
     -49.09104       2.87766
     -49.05604       2.87766
     -49.02004       2.87766
     -48.98504       2.87766
     -48.95004       2.87766
     -48.91404       2.87766
     -48.87904       2.87766
     -48.84304       2.87766
     -48.80804       2.87766
     -48.77204       2.87766
     -48.73704       2.87766
     -48.70104       2.87766
     -48.66604       2.87766
     -48.63104       2.87766
     -48.59504       2.87766
     -48.56004       2.87766
     -48.52404       2.87766
     -48.48904       2.87766
     -48.45304       2.87766
     -48.41804       2.87766
     -48.38204       2.87766
     -48.34704       2.87766
     -48.31204       2.87766
     -48.27604       2.87766
     -48.24104       2.87766
     -48.20504       2.87766
     -48.17004       2.87766
     -48.13404       2.87766
     -48.09904       2.87766
     -48.06304       2.87766
     -48.02804       2.87766
     -47.99304       2.87766
     -47.95704       2.87766
     -47.92204       2.87766
     -47.88604       2.87766
     -47.85104       2.87766
     -47.81504       2.87766
     -47.78004       2.87766
     -47.74404       2.87766
     -47.70904       2.87766
     -47.67404       2.87766
     -47.63804       2.87766
     -47.60304       2.87766
     -47.56704       2.87766
     -47.53204       2.87766
     -47.49604       2.87766
     -47.46104       2.87766
     -47.42504       2.87766
     -47.39004       2.87766
     -47.35504       2.87766
     -47.31904       2.87766
     -47.28404       2.87766
     -47.24804       2.87766
     -47.21304       2.87766
     -47.17704       2.87766
     -47.14204       2.87766
     -47.10604       2.87766
     -47.07104       2.87766
     -47.03604       2.87766
     -47.00004       2.87766
     -46.96504       2.87766
     -46.92904       2.87766
     -46.89404       2.87766
     -46.85804       2.87766
     -46.82304       2.87766
     -46.78704       2.87766
     -46.75204       2.87766
     -46.71704       2.87766
     -46.68104       2.87766
     -46.64604       2.87766
     -46.61004       2.87766
     -46.57504       2.87766
     -46.53904       2.87766
     -46.50404       2.87766
     -46.46804       2.87766
     -46.43304       2.87766
     -46.39804       2.87766
     -46.36204       2.87766
     -46.32704       2.87766
     -46.29104       2.87766
     -46.25604       2.87766
     -46.22004       2.87766
     -46.18504       2.87766
     -46.15004       2.87766
     -46.11404       2.87766
     -46.07904       2.87766
     -46.04304       2.87766
     -46.00804       2.87766
     -45.97204       2.87766
     -45.93704       2.87766
     -45.90104       2.87766
     -45.86604       2.87766
     -45.83104       2.87766
     -45.79504       2.87766
     -45.76004       2.87766
     -45.72404       2.87766
     -45.68904       2.87766
     -45.65304       2.87766
     -45.61804       2.87766
     -45.58204       2.87766
     -45.54704       2.87766
     -45.51204       2.87766
     -45.47604       2.87766
     -45.44104       2.87766
     -45.40504       2.87766
     -45.37004       2.87766
     -45.33404       2.87766
     -45.29904       2.87766
     -45.26304       2.87766
     -45.22804       2.87766
     -45.19304       2.87766
     -45.15704       2.87766
     -45.12204       2.87766
     -45.08604       2.87766
     -45.05104       2.87766
     -45.01504       2.87766
     -44.98004       2.87766
     -44.94404       2.87766
     -44.90904       2.87766
     -44.87404       2.87766
     -44.83804       2.87766
     -44.80304       2.87766
     -44.76704       2.87766
     -44.73204       2.87766
     -44.69604       2.87766
     -44.66104       2.87766
     -44.62504       2.87766
     -44.59004       2.87766
     -44.55504       2.87766
     -44.51904       2.87766
     -44.48404       2.87766
     -44.44804       2.87766
     -44.41304       2.87766
     -44.37704       2.87766
     -44.34204       2.87766
     -44.30604       2.87766
     -44.27104       2.87766
     -44.23604       2.87766
     -44.20004       2.87766
     -44.16504       2.87766
     -44.12904       2.87766
     -44.09404       2.87766
     -44.05804       2.87766
     -44.02304       2.87766
     -43.98704       2.87766
     -43.95204       2.87766
     -43.91704       2.87766
     -43.88104       2.87766
     -43.84604       2.87766
     -43.81004       2.87766
     -43.77504       2.87766
     -43.73904       2.87766
     -43.70404       2.87766
     -43.66804       2.87766
     -43.63304       2.87766
     -43.59804       2.87766
     -43.56204       2.87766
     -43.52704       2.87766
     -43.49104       2.87766
     -43.45604       2.87766
     -43.42004       2.87766
     -43.38504       2.87766
     -43.35004       2.87766
     -43.31404       2.87766
     -43.27904       2.87766
     -43.24304       2.87766
     -43.20804       2.87766
     -43.17204       2.87766
     -43.13704       2.87766
     -43.10104       2.87766
     -43.06604       2.87766
     -43.03104       2.87766
     -42.99504       2.87766
     -42.96004       2.87766
     -42.92404       2.87766
     -42.88904       2.87766
     -42.85304       2.87766
     -42.81804       2.87766
     -42.78204       2.87766
     -42.74704       2.87766
     -42.71204       2.87766
     -42.67604       2.87766
     -42.64104       2.87766
     -42.60504       2.87766
     -42.57004       2.87766
     -42.53404       2.87766
     -42.49904       2.87766
     -42.46304       2.87766
     -42.42804       2.87766
     -42.39304       2.87766
     -42.35704       2.87766
     -42.32204       2.87766
     -42.28604       2.87766
     -42.25104       2.87766
     -42.21504       2.87766
     -42.18004       2.87766
     -42.14404       2.87766
     -42.10904       2.87766
     -42.07404       2.87766
     -42.03804       2.87766
     -42.00304       2.87766
     -41.96704       2.87766
     -41.93204       2.87766
     -41.89604       2.87766
     -41.86104       2.87766
     -41.82504       2.87766
     -41.79004       2.87766
     -41.75504       2.87766
     -41.71904       2.87766
     -41.68404       2.87766
     -41.64804       2.87766
     -41.61304       2.87766
     -41.57704       2.87766
     -41.54204       2.87766
     -41.50604       2.87766
     -41.47104       2.87766
     -41.43604       2.87766
     -41.40004       2.87766
     -41.36504       2.87766
     -41.32904       2.87766
     -41.29404       2.87766
     -41.25804       2.87766
     -41.22304       2.87766
     -41.18704       2.87766
     -41.15204       2.87766
     -41.11704       2.87766
     -41.08104       2.87766
     -41.04604       2.87766
     -41.01004       2.87766
     -40.97504       2.87766
     -40.93904       2.87766
     -40.90404       2.87766
     -40.86804       2.87766
     -40.83304       2.87766
     -40.79804       2.87766
     -40.76204       2.87766
     -40.72704       2.87766
     -40.69104       2.87766
     -40.65604       2.87766
     -40.62004       2.87766
     -40.58504       2.87766
     -40.54904       2.87766
     -40.51404       2.87766
     -40.47904       2.87766
     -40.44304       2.87766
     -40.40804       2.87766
     -40.37204       2.87766
     -40.33704       2.87766
     -40.30104       2.87766
     -40.26604       2.87766
     -40.23104       2.87766
     -40.19504       2.87766
     -40.16004       2.87766
     -40.12404       2.87766
     -40.08904       2.87766
     -40.05304       2.87766
     -40.01804       2.87766
     -39.98204       2.87766
     -39.94704       2.87766
     -39.91204       2.87766
     -39.87604       2.87766
     -39.84104       2.87766
     -39.80504       2.87766
     -39.77004       2.87766
     -39.73404       2.87766
     -39.69904       2.87766
     -39.66304       2.87766
     -39.62804       2.87766
     -39.59304       2.87766
     -39.55704       2.87766
     -39.52204       2.87766
     -39.48604       2.87766
     -39.45104       2.87766
     -39.41504       2.87766
     -39.38004       2.87766
     -39.34404       2.87766
     -39.30904       2.87766
     -39.27404       2.87766
     -39.23804       2.87766
     -39.20304       2.87766
     -39.16704       2.87766
     -39.13204       2.87766
     -39.09604       2.87766
     -39.06104       2.87766
     -39.02504       2.87766
     -38.99004       2.87766
     -38.95504       2.87766
     -38.91904       2.87766
     -38.88404       2.87766
     -38.84804       2.87766
     -38.81304       2.87766
     -38.77704       2.87766
     -38.74204       2.87766
     -38.70604       2.87766
     -38.67104       2.87766
     -38.63604       2.87766
     -38.60004       2.87766
     -38.56504       2.87766
     -38.52904       2.87766
     -38.49404       2.87766
     -38.45804       2.87766
     -38.42304       2.87766
     -38.38704       2.87766
     -38.35204       2.87766
     -38.31704       2.87766
     -38.28104       2.87766
     -38.24604       2.87766
     -38.21004       2.87766
     -38.17504       2.87766
     -38.13904       2.87766
     -38.10404       2.87766
     -38.06804       2.87766
     -38.03304       2.87766
     -37.99804       2.87766
     -37.96204       2.87766
     -37.92704       2.87766
     -37.89104       2.87766
     -37.85604       2.87766
     -37.82004       2.87766
     -37.78504       2.87766
     -37.74904       2.87766
     -37.71404       2.87766
     -37.67904       2.87766
     -37.64304       2.87766
     -37.60804       2.87766
     -37.57204       2.87766
     -37.53704       2.87766
     -37.50104       2.87766
     -37.46604       2.87766
     -37.43104       2.87766
     -37.39504       2.87766
     -37.36004       2.87766
     -37.32404       2.87766
     -37.28904       2.87766
     -37.25304       2.87766
     -37.21804       2.87766
     -37.18204       2.87766
     -37.14704       2.87766
     -37.11204       2.87766
     -37.07604       2.87766
     -37.04104       2.87766
     -37.00504       2.87766
     -36.97004       2.87766
     -36.93404       2.87766
     -36.89904       2.87766
     -36.86304       2.87766
     -36.82804       2.87766
     -36.79304       2.87766
     -36.75704       2.87766
     -36.72204       2.87766
     -36.68604       2.87766
     -36.65104       2.87766
     -36.61504       2.87766
     -36.58004       2.87766
     -36.54404       2.87766
     -36.50904       2.87766
     -36.47404       2.87766
     -36.43804       2.87766
     -36.40304       2.87766
     -36.36704       2.87766
     -36.33204       2.87766
     -36.29604       2.87766
     -36.26104       2.87766
     -36.22504       2.87766
     -36.19004       2.87766
     -36.15504       2.87766
     -36.11904       2.87766
     -36.08404       2.87766
     -36.04804       2.87766
     -36.01304       2.87766
     -35.97704       2.87766
     -35.94204       2.87766
     -35.90604       2.87766
     -35.87104       2.87766
     -35.83604       2.87766
     -35.80004       2.87766
     -35.76504       2.87766
     -35.72904       2.87766
     -35.69404       2.87766
     -35.65804       2.87766
     -35.62304       2.87766
     -35.58704       2.87766
     -35.55204       2.87766
     -35.51704       2.87766
     -35.48104       2.87766
     -35.44604       2.87766
     -35.41004       2.87766
     -35.37504       2.87766
     -35.33904       2.87766
     -35.30404       2.87766
     -35.26804       2.87766
     -35.23304       2.87766
     -35.19804       2.87766
     -35.16204       2.87766
     -35.12704       2.87766
     -35.09104       2.87766
     -35.05604       2.87766
     -35.02004       2.87766
     -34.98504       2.87766
     -34.94904       2.87766
     -34.91404       2.87766
     -34.87904       2.87766
     -34.84304       2.87766
     -34.80804       2.87766
     -34.77204       2.87766
     -34.73704       2.87766
     -34.70104       2.87766
     -34.66604       2.87766
     -34.63004       2.87766
     -34.59504       2.87766
     -34.56004       2.87766
     -34.52404       2.87766
     -34.48904       2.87766
     -34.45304       2.87766
     -34.41804       2.87766
     -34.38204       2.87766
     -34.34704       2.87766
     -34.31204       2.87766
     -34.27604       2.87766
     -34.24104       2.87766
     -34.20504       2.87766
     -34.17004       2.87766
     -34.13404       2.87766
     -34.09904       2.87766
     -34.06304       2.87766
     -34.02804       2.87766
     -33.99304       2.87766
     -33.95704       2.87766
     -33.92204       2.87766
     -33.88604       2.87766
     -33.85104       2.87766
     -33.81504       2.87766
     -33.78004       2.87766
     -33.74404       2.87766
     -33.70904       2.87766
     -33.67404       2.87766
     -33.63804       2.87766
     -33.60304       2.87766
     -33.56704       2.90977
     -33.53204       3.03226
     -33.49604       3.31900
     -33.46104       3.84125
     -33.42504       4.55862
     -33.39004       5.41705
     -33.35504       6.30118
     -33.31904       7.10007
     -33.28404       7.61359
     -33.24804       7.87564
     -33.21304       8.17389
     -33.17704       8.61019
     -33.14204       9.30984
     -33.10604      10.05149
     -33.07104      10.59271
     -33.03604      10.83559
     -33.00004      10.84757
     -32.96504      10.84757
     -32.92904      10.84757
     -32.89404      10.84757
     -32.85804      10.84757
     -32.82304      10.84757
     -32.78704      10.84757
     -32.75204      10.84757
     -32.71704      10.84757
     -32.68104      10.84757
     -32.64604      10.84757
     -32.61004      10.84757
     -32.57504      10.84757
     -32.53904      10.84757
     -32.50404      10.84757
     -32.46804      10.84757
     -32.43304      10.84757
     -32.39804      10.84757
     -32.36204      10.84757
     -32.32704      10.84757
     -32.29104      10.84757
     -32.25604      10.84757
     -32.22004      10.84757
     -32.18504      10.84757
     -32.14904      10.84757
     -32.11404      10.84757
     -32.07904      10.84757
     -32.04304      10.84757
     -32.00804      10.84757
     -31.97204      10.84757
     -31.93704      10.84757
     -31.90104      10.84757
     -31.86604      10.84757
     -31.83004      10.84757
     -31.79504      10.84757
     -31.76004      10.84757
     -31.72404      10.84757
     -31.68904      10.84757
     -31.65304      10.84757
     -31.61804      10.84757
     -31.58204      10.84757
     -31.54704      10.84757
     -31.51204      10.84757
     -31.47604      10.84757
     -31.44104      10.84757
     -31.40504      10.84757
     -31.37004      10.84757
     -31.33404      10.84757
     -31.29904      10.84757
     -31.26304      10.84757
     -31.22804      10.84757
     -31.19304      10.84757
     -31.15704      10.84757
     -31.12204      10.84757
     -31.08604      10.84757
     -31.05104      10.84757
     -31.01504      10.84757
     -30.98004      10.84757
     -30.94404      10.84757
     -30.90904      10.84757
     -30.87404      10.84757
     -30.83804      10.84757
     -30.80304      10.84757
     -30.76704      10.84757
     -30.73204      10.84757
     -30.69604      10.84757
     -30.66104      10.84757
     -30.62504      10.84757
     -30.59004      10.84757
     -30.55504      10.84757
     -30.51904      10.84757
     -30.48404      10.84757
     -30.44804      10.84757
     -30.41304      10.84757
     -30.37704      10.84757
     -30.34204      10.84757
     -30.30604      10.84757
     -30.27104      10.84757
     -30.23604      10.84757
     -30.20004      10.84757
     -30.16504      10.84757
     -30.12904      10.84757
     -30.09404      10.84757
     -30.05804      10.84757
     -30.02304      10.84757
     -29.98704      10.84757
     -29.95204      10.84757
     -29.91704      10.84757
     -29.88104      10.84757
     -29.84604      10.84757
     -29.81004      10.84757
     -29.77504      10.84757
     -29.73904      10.84757
     -29.70404      10.84757
     -29.66804      10.84757
     -29.63304      10.84757
     -29.59804      10.84757
     -29.56204      10.84757
     -29.52704      10.84757
     -29.49104      10.84757
     -29.45604      10.84757
     -29.42004      10.84757
     -29.38504      10.84757
     -29.34904      10.84757
     -29.31404      10.84757
     -29.27904      10.84757
     -29.24304      10.84757
     -29.20804      10.84757
     -29.17204      10.84757
     -29.13704      10.84757
     -29.10104      10.84757
     -29.06604      10.84757
     -29.03004      10.84757
     -28.99504      10.84757
     -28.96004      10.84757
     -28.92404      10.84757
     -28.88904      10.84757
     -28.85304      10.84757
     -28.81804      10.84757
     -28.78204      10.84757
     -28.74704      10.84757
     -28.71104      10.84757
     -28.67604      10.84757
     -28.64104      10.84757
     -28.60504      10.84757
     -28.57004      10.84757
     -28.53404      10.84757
     -28.49904      10.84757
     -28.46304      10.84757
     -28.42804      10.84757
     -28.39304      10.84757
     -28.35704      10.84757
     -28.32204      10.84757
     -28.28604      10.84757
     -28.25104      10.84757
     -28.21504      10.84757
     -28.18004      10.84757
     -28.14404      10.84757
     -28.10904      10.84757
     -28.07404      10.84757
     -28.03804      10.84757
     -28.00304      10.84757
     -27.96704      10.84757
     -27.93204      10.84757
     -27.89604      10.84757
     -27.86104      10.84757
     -27.82504      10.84757
     -27.79004      10.84757
     -27.75504      10.84757
     -27.71904      10.84757
     -27.68404      10.84757
     -27.64804      10.84757
     -27.61304      10.84757
     -27.57704      10.84757
     -27.54204      10.84757
     -27.50604      10.84757
     -27.47104      10.84757
     -27.43604      10.84757
     -27.40004      10.84757
     -27.36504      10.84757
     -27.32904      10.84757
     -27.29404      10.84757
     -27.25804      10.84757
     -27.22304      10.84757
     -27.18704      10.84757
     -27.15204      10.84757
     -27.11704      10.84757
     -27.08104      10.84757
     -27.04604      10.84757
     -27.01004      10.84757
     -26.97504      10.84757
     -26.93904      10.84757
     -26.90404      10.84757
     -26.86804      10.84757
     -26.83304      10.84757
     -26.79804      10.84757
     -26.76204      10.84757
     -26.72704      10.84757
     -26.69104      10.84757
     -26.65604      10.84757
     -26.62004      10.84757
     -26.58504      10.84757
     -26.54904      10.84757
     -26.51404      10.84757
     -26.47904      10.84757
     -26.44304      10.84757
     -26.40804      10.84757
     -26.37204      10.84757
     -26.33704      10.84757
     -26.30104      10.84757
     -26.26604      10.84757
     -26.23004      10.84757
     -26.19504      10.84757
     -26.16004      10.84757
     -26.12404      10.84757
     -26.08904      10.84757
     -26.05304      10.84757
     -26.01804      10.84757
     -25.98204      10.84757
     -25.94704      10.84757
     -25.91104      10.84757
     -25.87604      10.84757
     -25.84104      10.84757
     -25.80504      10.84757
     -25.77004      10.84757
     -25.73404      10.84757
     -25.69904      10.84757
     -25.66304      10.84757
     -25.62804      10.84757
     -25.59304      10.84757
     -25.55704      10.84757
     -25.52204      10.84757
     -25.48604      10.84757
     -25.45104      10.84757
     -25.41504      10.84757
     -25.38004      10.84757
     -25.34404      10.84757
     -25.30904      10.84757
     -25.27404      10.84757
     -25.23804      10.84757
     -25.20304      10.84757
     -25.16704      10.84757
     -25.13204      10.84757
     -25.09604      10.84757
     -25.06104      10.84757
     -25.02504      10.84757
     -24.99004      10.84757
     -24.95504      10.84757
     -24.91904      10.84757
     -24.88404      10.84757
     -24.84804      10.84757
     -24.81304      10.84757
     -24.77704      10.84757
     -24.74204      10.84757
     -24.70604      10.84757
     -24.67104      10.84757
     -24.63604      10.84757
     -24.60004      10.84757
     -24.56504      10.84757
     -24.52904      10.84757
     -24.49404      10.84757
     -24.45804      10.84757
     -24.42304      10.84757
     -24.38704      10.84757
     -24.35204      10.84757
     -24.31704      10.84757
     -24.28104      10.84757
     -24.24604      10.84757
     -24.21004      10.84757
     -24.17504      10.84757
     -24.13904      10.84757
     -24.10404      10.84757
     -24.06804      10.84757
     -24.03304      10.84757
     -23.99804      10.84757
     -23.96204      10.84757
     -23.92704      10.84757
     -23.89104      10.84757
     -23.85604      10.84757
     -23.82004      10.84757
     -23.78504      10.84757
     -23.74904      10.84757
     -23.71404      10.84757
     -23.67904      10.84757
     -23.64304      10.84757
     -23.60804      10.84757
     -23.57204      10.84757
     -23.53704      10.84757
     -23.50104      10.84757
     -23.46604      10.84757
     -23.43004      10.84757
     -23.39504      10.84757
     -23.36004      10.84757
     -23.32404      10.84757
     -23.28904      10.84757
     -23.25304      10.84757
     -23.21804      10.84757
     -23.18204      10.84757
     -23.14704      10.84757
     -23.11104      10.84757
     -23.07604      10.84757
     -23.04104      10.84757
     -23.00504      10.84757
     -22.97004      10.84757
     -22.93404      10.84757
     -22.89904      10.84757
     -22.86304      10.84757
     -22.82804      10.84757
     -22.79204      10.84757
     -22.75704      10.84757
     -22.72204      10.84757
     -22.68604      10.84757
     -22.65104      10.84757
     -22.61504      10.84757
     -22.58004      10.84757
     -22.54404      10.84757
     -22.50904      10.84757
     -22.47404      10.84757
     -22.43804      10.84757
     -22.40304      10.84757
     -22.36704      10.84757
     -22.33204      10.84757
     -22.29604      10.84757
     -22.26104      10.84757
     -22.22504      10.84757
     -22.19004      10.84757
     -22.15504      10.84757
     -22.11904      10.84757
     -22.08404      10.84757
     -22.04804      10.84757
     -22.01304      10.84757
     -21.97704      10.84757
     -21.94204      10.84757
     -21.90604      10.84757
     -21.87104      10.84757
     -21.83604      10.84757
     -21.80004      10.84757
     -21.76504      10.84757
     -21.72904      10.84757
     -21.69404      10.84757
     -21.65804      10.84757
     -21.62304      10.84757
     -21.58704      10.84757
     -21.55204      10.84757
     -21.51704      10.84757
     -21.48104      10.84757
     -21.44604      10.84757
     -21.41004      10.84757
     -21.37504      10.84757
     -21.33904      10.84757
     -21.30404      10.84757
     -21.26804      10.84757
     -21.23304      10.84757
     -21.19804      10.84757
     -21.16204      10.84757
     -21.12704      10.84757
     -21.09104      10.84757
     -21.05604      10.84757
     -21.02004      10.84757
     -20.98504      10.84757
     -20.94904      10.84757
     -20.91404      10.84757
     -20.87904      10.84757
     -20.84304      10.84757
     -20.80804      10.84757
     -20.77204      10.84757
     -20.73704      10.84757
     -20.70104      10.84757
     -20.66604      10.84757
     -20.63004      10.84757
     -20.59504      10.84757
     -20.56004      10.84757
     -20.52404      10.84757
     -20.48904      10.84757
     -20.45304      10.84757
     -20.41804      10.84757
     -20.38204      10.84757
     -20.34704      10.84757
     -20.31104      10.84757
     -20.27604      10.84757
     -20.24104      10.84757
     -20.20504      10.84757
     -20.17004      10.84757
     -20.13404      10.84757
     -20.09904      10.84757
     -20.06304      10.84757
     -20.02804      10.84757
     -19.99204      10.84757
     -19.95704      10.84757
     -19.92204      10.84757
     -19.88604      10.84757
     -19.85104      10.84757
     -19.81504      10.84757
     -19.78004      10.84757
     -19.74404      10.84757
     -19.70904      10.84757
     -19.67404      10.84757
     -19.63804      10.84757
     -19.60304      10.84757
     -19.56704      10.84757
     -19.53204      10.84757
     -19.49604      10.84757
     -19.46104      10.84757
     -19.42504      10.84757
     -19.39004      10.84757
     -19.35504      10.84757
     -19.31904      10.84757
     -19.28404      10.84757
     -19.24804      10.84757
     -19.21304      10.84757
     -19.17704      10.84757
     -19.14204      10.84757
     -19.10604      10.84757
     -19.07104      10.84757
     -19.03604      10.84757
     -19.00004      10.84757
     -18.96504      10.84757
     -18.92904      10.84757
     -18.89404      10.84757
     -18.85804      10.84757
     -18.82304      10.84757
     -18.78704      10.84757
     -18.75204      10.84757
     -18.71704      10.84757
     -18.68104      10.84757
     -18.64604      10.84757
     -18.61004      10.84757
     -18.57504      10.84757
     -18.53904      10.84757
     -18.50404      10.84757
     -18.46804      10.84757
     -18.43304      10.84757
     -18.39804      10.84757
     -18.36204      10.84757
     -18.32704      10.84757
     -18.29104      10.84757
     -18.25604      10.84757
     -18.22004      10.84757
     -18.18504      10.84757
     -18.14904      10.84757
     -18.11404      10.84757
     -18.07904      10.84757
     -18.04304      10.84757
     -18.00804      10.84757
     -17.97204      10.84757
     -17.93704      10.84757
     -17.90104      10.84757
     -17.86604      10.84757
     -17.83004      10.84757
     -17.79504      10.84757
     -17.76004      10.84757
     -17.72404      10.84757
     -17.68904      10.84757
     -17.65304      10.84757
     -17.61804      10.84757
     -17.58204      10.84757
     -17.54704      10.84757
     -17.51104      10.84757
     -17.47604      10.84757
     -17.44104      10.84757
     -17.40504      10.84757
     -17.37004      10.84757
     -17.33404      10.84757
     -17.29904      10.84757
     -17.26304      10.84757
     -17.22804      10.84757
     -17.19204      10.84757
     -17.15704      10.84757
     -17.12204      10.84757
     -17.08604      10.84757
     -17.05104      10.84757
     -17.01504      10.84757
     -16.98004      10.84757
     -16.94404      10.84757
     -16.90904      10.84757
     -16.87304      10.84757
     -16.83804      10.84757
     -16.80304      10.84757
     -16.76704      10.84757
     -16.73204      10.84757
     -16.69604      10.84757
     -16.66104      10.84757
     -16.62504      10.84757
     -16.59004      10.84757
     -16.55504      10.84757
     -16.51904      10.84757
     -16.48404      10.84757
     -16.44804      10.84757
     -16.41304      10.84757
     -16.37704      10.84757
     -16.34204      10.84757
     -16.30604      10.84757
     -16.27104      10.84757
     -16.23604      10.84757
     -16.20004      10.84757
     -16.16504      10.84757
     -16.12904      10.84757
     -16.09404      10.84757
     -16.05804      10.84757
     -16.02304      10.84757
     -15.98704      10.84757
     -15.95204      10.84757
     -15.91704      10.84757
     -15.88104      10.84757
     -15.84604      10.84757
     -15.81004      10.84757
     -15.77504      10.84757
     -15.73904      10.84757
     -15.70404      10.84757
     -15.66804      10.84757
     -15.63304      10.84757
     -15.59804      10.84757
     -15.56204      10.84757
     -15.52704      10.84757
     -15.49104      10.84757
     -15.45604      10.84757
     -15.42004      10.84757
     -15.38504      10.84757
     -15.34904      10.84757
     -15.31404      10.84757
     -15.27904      10.84757
     -15.24304      10.84757
     -15.20804      10.84757
     -15.17204      10.84757
     -15.13704      10.84757
     -15.10104      10.84757
     -15.06604      10.84757
     -15.03004      10.84757
     -14.99504      10.84757
     -14.96004      10.84757
     -14.92404      10.84757
     -14.88904      10.84757
     -14.85304      10.84757
     -14.81804      10.84757
     -14.78204      10.84757
     -14.74704      10.84757
     -14.71104      10.84757
     -14.67604      10.84757
     -14.64104      10.84757
     -14.60504      10.84757
     -14.57004      10.84757
     -14.53404      10.84757
     -14.49904      10.84757
     -14.46304      10.84757
     -14.42804      10.84757
     -14.39204      10.84757
     -14.35704      10.84757
     -14.32204      10.84757
     -14.28604      10.84757
     -14.25104      10.84757
     -14.21504      10.84757
     -14.18004      10.84757
     -14.14404      10.84757
     -14.10904      10.84757
     -14.07304      10.84757
     -14.03804      10.84757
     -14.00304      10.84757
     -13.96704      10.84757
     -13.93204      10.84757
     -13.89604      10.84757
     -13.86104      10.84757
     -13.82504      10.84757
     -13.79004      10.84757
     -13.75504      10.84757
     -13.71904      10.84757
     -13.68404      10.84757
     -13.64804      10.84757
     -13.61304      10.84757
     -13.57704      10.84757
     -13.54204      10.84815
     -13.50604      10.84958
     -13.47104      10.85155
     -13.43604      10.85404
     -13.40004      10.85696
     -13.36504      10.86013
     -13.32904      10.86361
     -13.29404      10.86743
     -13.25804      10.87158
     -13.22304      10.87599
     -13.18704      10.88063
     -13.15204      10.88548
     -13.11704      10.89058
     -13.08104      10.89595
     -13.04604      10.90160
     -13.01004      10.90749
     -12.97504      10.91358
     -12.93904      10.91986
     -12.90404      10.92636
     -12.86804      10.93308
     -12.83304      10.94004
     -12.79804      10.94723
     -12.76204      10.95466
     -12.72704      10.96232
     -12.69104      10.97018
     -12.65604      10.97825
     -12.62004      10.98653
     -12.58504      10.99502
     -12.54904      11.00373
     -12.51404      11.01268
     -12.47904      11.02187
     -12.44304      11.03131
     -12.40804      11.04099
     -12.37204      11.05091
     -12.33704      11.06104
     -12.30104      11.07141
     -12.26604      11.08202
     -12.23004      11.09289
     -12.19504      11.10402
     -12.16004      11.11543
     -12.12404      11.12711
     -12.08904      11.13906
     -12.05304      11.15133
     -12.01804      11.16393
     -11.98204      11.17686
     -11.94704      11.19012
     -11.91104      11.20373
     -11.87604      11.21768
     -11.84104      11.23198
     -11.80504      11.24673
     -11.77004      11.26207
     -11.73404      11.27806
     -11.69904      11.29469
     -11.66304      11.31280
     -11.62804      11.33189
     -11.59204      11.35076
     -11.55704      11.36965
     -11.52204      11.38863
     -11.48604      11.40763
     -11.45104      11.42669
     -11.41504      11.44579
     -11.38004      11.46489
     -11.34404      11.48403
     -11.30904      11.50324
     -11.27304      11.52252
     -11.23804      11.54181
     -11.20304      11.56112
     -11.16704      11.58049
     -11.13204      11.59994
     -11.09604      11.61945
     -11.06104      11.63897
     -11.02504      11.65851
     -10.99004      11.67810
     -10.95404      11.69776
     -10.91904      11.71748
     -10.88404      11.73725
     -10.84804      11.75705
     -10.81304      11.77688
     -10.77704      11.79678
     -10.74204      11.81676
     -10.70604      11.83682
     -10.67104      11.85697
     -10.63604      11.87719
     -10.60004      11.89746
     -10.56504      11.91779
     -10.52904      11.93820
     -10.49404      11.95871
     -10.45804      11.97933
     -10.42304      12.00006
     -10.38704      12.02090
     -10.35204      12.04185
     -10.31704      12.06289
     -10.28104      12.08405
     -10.24604      12.10538
     -10.21004      12.12689
     -10.17504      12.14860
     -10.13904      12.17056
     -10.10404      12.19278
     -10.06804      12.21527
     -10.03304      12.23804
      -9.99804      12.26118
      -9.96204      12.28480
      -9.92704      12.30908
      -9.89104      12.33432
      -9.85604      12.36110
      -9.82004      12.38990
      -9.78504      12.41910
      -9.74904      12.44733
      -9.71404      12.47516
      -9.67904      12.50264
      -9.64304      12.52954
      -9.60804      12.55542
      -9.57204      12.58015
      -9.53704      12.60365
      -9.50104      12.62503
      -9.46604      12.64398
      -9.43004      12.66097
      -9.39504      12.67653
      -9.36004      12.69128
      -9.32404      12.70582
      -9.28904      12.72193
      -9.25304      12.73743
      -9.21804      12.74993
      -9.18204      12.76106
      -9.14704      12.77151
      -9.11104      12.78176
      -9.07604      12.79212
      -9.04104      12.80282
      -9.00504      12.81358
      -8.97004      12.82422
      -8.93404      12.83512
      -8.89904      12.84601
      -8.86304      12.85821
      -8.82804      12.86972
      -8.79204      12.87862
      -8.75704      12.88710
      -8.72204      12.89551
      -8.68604      12.90384
      -8.65104      12.91235
      -8.61504      12.92181
      -8.58004      12.93176
      -8.54404      12.94166
      -8.50904      12.95204
      -8.47304      12.96297
      -8.43804      12.97468
      -8.40304      12.98748
      -8.36704      13.00176
      -8.33204      13.01779
      -8.29604      13.03571
      -8.26104      13.05587
      -8.22504      13.08051
      -8.19004      13.10461
      -8.15404      13.12508
      -8.11904      13.14580
      -8.08404      13.16684
      -8.04804      13.18826
      -8.01304      13.21006
      -7.97704      13.23225
      -7.94204      13.25471
      -7.90604      13.27720
      -7.87104      13.29957
      -7.83604      13.32189
      -7.80004      13.34412
      -7.76504      13.36635
      -7.72904      13.38900
      -7.69404      13.41201
      -7.65804      13.43512
      -7.62304      13.45878
      -7.58704      13.48197
      -7.55204      13.50384
      -7.51704      13.52518
      -7.48104      13.54587
      -7.44604      13.56588
      -7.41004      13.58555
      -7.37504      13.60509
      -7.33904      13.62457
      -7.30404      13.64404
      -7.26804      13.66355
      -7.23304      13.68310
      -7.19804      13.70266
      -7.16204      13.72225
      -7.12704      13.74188
      -7.09104      13.76157
      -7.05604      13.78129
      -7.02004      13.80099
      -6.98504      13.82068
      -6.94904      13.84037
      -6.91404      13.86010
      -6.87904      13.87992
      -6.84304      13.89986
      -6.80804      13.91994
      -6.77204      13.94014
      -6.73704      13.96048
      -6.70104      13.98096
      -6.66604      14.00161
      -6.63004      14.02246
      -6.59504      14.04343
      -6.56004      14.06446
      -6.52404      14.08564
      -6.48904      14.10700
      -6.45304      14.12858
      -6.41804      14.15041
      -6.38204      14.17255
      -6.34704      14.19501
      -6.31104      14.21780
      -6.27604      14.24095
      -6.24104      14.26445
      -6.20504      14.28832
      -6.17004      14.31262
      -6.13404      14.33742
      -6.09904      14.36278
      -6.06304      14.38878
      -6.02804      14.41564
      -5.99204      14.44368
      -5.95704      14.47326
      -5.92204      14.50461
      -5.88604      14.53750
      -5.85104      14.57118
      -5.81504      14.60516
      -5.78004      14.63908
      -5.74404      14.67099
      -5.70904      14.70036
      -5.67304      14.72875
      -5.63804      14.75675
      -5.60304      14.78436
      -5.56704      14.81157
      -5.53204      14.83850
      -5.49604      14.86541
      -5.46104      14.89286
      -5.42504      14.92093
      -5.39004      14.94946
      -5.35404      14.97890
      -5.31904      15.01028
      -5.28404      15.04520
      -5.24804      15.08376
      -5.21304      15.12333
      -5.17704      15.16255
      -5.14204      15.20173
      -5.10604      15.24067
      -5.07104      15.27927
      -5.03504      15.31765
      -5.00004      15.35586
      -4.96504      15.39327
      -4.92904      15.42993
      -4.89404      15.46665
      -4.85804      15.50367
      -4.82304      15.54098
      -4.78704      15.57897
      -4.75204      15.61862
      -4.71704      15.66028
      -4.68104      15.70272
      -4.64604      15.74499
      -4.61004      15.78670
      -4.57504      15.82725
      -4.53904      15.86709
      -4.50404      15.90700
      -4.46804      15.94811
      -4.43304      15.99096
      -4.39804      16.03482
      -4.36204      16.07923
      -4.32704      16.12416
      -4.29104      16.16944
      -4.25604      16.21479
      -4.22004      16.26030
      -4.18504      16.30632
      -4.14904      16.35284
      -4.11404      16.39959
      -4.07904      16.44658
      -4.04304      16.49411
      -4.00804      16.54228
      -3.97204      16.59107
      -3.93704      16.64083
      -3.90104      16.69151
      -3.86604      16.74268
      -3.83004      16.79565
      -3.79504      16.84915
      -3.76004      16.90173
      -3.72404      16.95479
      -3.68904      17.00855
      -3.65304      17.06308
      -3.61804      17.11855
      -3.58204      17.17544
      -3.54704      17.23362
      -3.51104      17.29249
      -3.47604      17.35205
      -3.44104      17.41296
      -3.40504      17.47562
      -3.37004      17.53997
      -3.33404      17.60834
      -3.29904      17.68373
      -3.26304      17.77786
      -3.22804      17.88148
      -3.19204      17.98083
      -3.15704      18.07576
      -3.12204      18.16311
      -3.08604      18.24794
      -3.05104      18.32966
      -3.01504      18.40487
      -2.98004      18.47366
      -2.94404      18.53730
      -2.90904      18.59624
      -2.87304      18.65177
      -2.83804      18.70470
      -2.80304      18.75503
      -2.76704      18.80321
      -2.73204      18.85055
      -2.69604      18.89687
      -2.66104      18.94167
      -2.62504      18.98440
      -2.59004      19.02443
      -2.55404      19.06229
      -2.51904      19.09858
      -2.48404      19.13372
      -2.44804      19.16775
      -2.41304      19.20081
      -2.37704      19.23334
      -2.34204      19.26583
      -2.30604      19.29871
      -2.27104      19.33194
      -2.23504      19.36516
      -2.20004      19.39829
      -2.16504      19.43138
      -2.12904      19.46438
      -2.09404      19.49732
      -2.05804      19.53024
      -2.02304      19.56318
      -1.98704      19.59618
      -1.95204      19.62936
      -1.91704      19.66293
      -1.88104      19.69726
      -1.84604      19.73242
      -1.81004      19.76811
      -1.77504      19.80407
      -1.73904      19.83996
      -1.70404      19.87534
      -1.66804      19.90995
      -1.63304      19.94391
      -1.59804      19.97740
      -1.56204      20.01044
      -1.52704      20.04308
      -1.49104      20.07537
      -1.45604      20.10729
      -1.42004      20.13878
      -1.38504      20.16972
      -1.34904      20.20006
      -1.31404      20.22979
      -1.27904      20.25894
      -1.24304      20.28754
      -1.20804      20.31559
      -1.17204      20.34303
      -1.13704      20.36985
      -1.10104      20.39610
      -1.06604      20.42176
      -1.03004      20.44683
      -0.99504      20.47133
      -0.96004      20.49523
      -0.92404      20.51851
      -0.88904      20.54113
      -0.85304      20.56309
      -0.81804      20.58435
      -0.78204      20.60481
      -0.74704      20.62445
      -0.71104      20.64329
      -0.67604      20.66130
      -0.64104      20.67841
      -0.60504      20.69438
      -0.57004      20.70905
      -0.53404      20.72265
      -0.49904      20.73532
      -0.46304      20.74672
      -0.42804      20.75697
      -0.39204      20.76616
      -0.35704      20.77429
      -0.32204      20.78183
      -0.28604      20.78885
      -0.25104      20.79553
      -0.21504      20.80215
      -0.18004      20.80886
      -0.14404      20.81559
      -0.10904      20.82259
      -0.07304      20.83068
      -0.03804      20.84100
      -0.00304      20.85446
       0.03296      20.86926
       0.06796      20.88450
       0.10396      20.90054
       0.13896      20.91679
       0.17496      20.93401
       0.20996      20.95281
       0.24596      20.97350
       0.28096      20.99572
       0.31596      21.01876
       0.35196      21.04252
       0.38696      21.06708
       0.42296      21.09292
       0.45796      21.11975
       0.49396      21.14723
       0.52896      21.17552
       0.56496      21.20451
       0.59996      21.23430
       0.63496      21.26479
       0.67096      21.29591
       0.70596      21.32767
       0.74196      21.36003
       0.77696      21.39291
       0.81296      21.42648
       0.84796      21.46093
       0.88296      21.49628
       0.91896      21.53242
       0.95396      21.56923
       0.98996      21.60673
       1.02496      21.64500
       1.06096      21.68436
       1.09596      21.72542
       1.13196      21.76916
       1.16696      21.81619
       1.20196      21.86652
       1.23796      21.91974
       1.27296      21.97516
       1.30896      22.03231
       1.34396      22.09081
       1.37996      22.15044
       1.41496      22.21022
       1.45096      22.26914
       1.48596      22.32782
       1.52096      22.38731
       1.55696      22.44829
       1.59196      22.51191
       1.62796      22.57741
       1.66296      22.64404
       1.69896      22.71310
       1.73396      22.78547
       1.76996      22.85994
       1.80496      22.93224
       1.83996      23.00239
       1.87596      23.07338
       1.91096      23.14613
       1.94696      23.22190
       1.98196      23.30280
       2.01796      23.38721
       2.05296      23.47114
       2.08896      23.55484
       2.12396      23.63962
       2.15896      23.72564
       2.19496      23.81403
       2.22996      23.90463
       2.26596      23.99609
       2.30096      24.08856
       2.33696      24.18200
       2.37196      24.27836
       2.40796      24.37639
       2.44296      24.46156
       2.47796      24.53365
       2.51396      24.61035
       2.54896      24.69508
       2.58496      24.78248
       2.61996      24.87208
       2.65596      24.97593
       2.69096      25.09459
       2.72696      25.21870
       2.76196      25.34975
       2.79696      25.48445
       2.83296      25.62013
       2.86796      25.75150
       2.90396      25.87342
       2.93896      25.98723
       2.97496      26.09241
       3.00996      26.18174
       3.04596      26.25560
       3.08096      26.32550
       3.11596      26.39493
       3.15196      26.46098
       3.18696      26.52277
       3.22296      26.58177
       3.25796      26.63812
       3.29396      26.69226
       3.32896      26.74509
       3.36496      26.79728
       3.39996      26.84915
       3.43496      26.90056
       3.47096      26.95142
       3.50596      27.00209
       3.54196      27.05274
       3.57696      27.10347
       3.61296      27.15439
       3.64796      27.20493
       3.68396      27.25428
       3.71896      27.30258
       3.75396      27.35048
       3.78996      27.39809
       3.82496      27.44548
       3.86096      27.49317
       3.89596      27.54043
       3.93196      27.58651
       3.96696      27.63244
       4.00196      27.67639
       4.03796      27.71659
       4.07296      27.75483
       4.10896      27.79288
       4.14396      27.83144
       4.17996      27.87032
       4.21496      27.90922
       4.25096      27.94805
       4.28596      27.98719
       4.32096      28.03237
       4.35696      28.08564
       4.39196      28.15218
       4.42796      28.23354
       4.46296      28.30012
       4.49896      28.34501
       4.53396      28.38508
       4.56996      28.42147
       4.60496      28.45453
       4.63996      28.48468
       4.67596      28.51189
       4.71096      28.53590
       4.74696      28.55673
       4.78196      28.57558
       4.81796      28.59388
       4.85296      28.61217
       4.88896      28.63077
       4.92396      28.64999
       4.95896      28.66990
       4.99496      28.69049
       5.02996      28.71171
       5.06596      28.73353
       5.10096      28.75605
       5.13696      28.77980
       5.17196      28.80631
       5.20796      28.83533
       5.24296      28.86508
       5.27796      28.89536
       5.31396      28.92599
       5.34896      28.95669
       5.38496      28.98770
       5.41996      29.01896
       5.45596      29.05030
       5.49096      29.08171
       5.52696      29.11326
       5.56196      29.14443
       5.59696      29.17482
       5.63296      29.20484
       5.66796      29.23458
       5.70396      29.26408
       5.73896      29.29360
       5.77496      29.32323
       5.80996      29.35332
       5.84596      29.38382
       5.88096      29.41438
       5.91596      29.44479
       5.95196      29.47515
       5.98696      29.50561
       6.02296      29.53623
       6.05796      29.56723
       6.09396      29.59851
       6.12896      29.62984
       6.16496      29.66131
       6.19996      29.69310
       6.23496      29.72510
       6.27096      29.75722
       6.30596      29.78942
       6.34196      29.82167
       6.37696      29.85415
       6.41296      29.88722
       6.44796      29.92101
       6.48396      29.95577
       6.51896      29.99250
       6.55396      30.03159
       6.58996      30.07209
       6.62496      30.11309
       6.66096      30.15405
       6.69596      30.19491
       6.73196      30.23642
       6.76696      30.27895
       6.80196      30.32292
       6.83796      30.36851
       6.87296      30.41471
       6.90896      30.45967
       6.94396      30.50245
       6.97996      30.54293
       7.01496      30.58137
       7.05096      30.61844
       7.08596      30.65465
       7.12096      30.69163
       7.15696      30.72977
       7.19196      30.76599
       7.22796      30.79954
       7.26296      30.82815
       7.29896      30.84898
       7.33396      30.86088
       7.36996      30.86411
       7.40496      30.86411
       7.43996      30.86411
       7.47596      30.86411
       7.51096      30.86411
       7.54696      30.86411
       7.58196      30.86411
       7.61796      30.86411
       7.65296      30.86411
       7.68896      30.86411
       7.72396      30.86411
       7.75896      30.86411
       7.79496      30.86411
       7.82996      30.86411
       7.86596      30.86411
       7.90096      30.86411
       7.93696      30.86411
       7.97196      30.86411
       8.00796      30.86411
       8.04296      30.86411
       8.07796      30.86411
       8.11396      30.86411
       8.14896      30.86411
       8.18496      30.86411
       8.21996      30.86411
       8.25596      30.86411
       8.29096      30.86411
       8.32696      30.86411
       8.36196      30.86411
       8.39696      30.86411
       8.43296      30.86411
       8.46796      30.86411
       8.50396      30.86411
       8.53896      30.86411
       8.57496      30.86411
       8.60996      30.86411
       8.64596      30.86411
       8.68096      30.86411
       8.71596      30.86411
       8.75196      30.86411
       8.78696      30.86411
       8.82296      30.86411
       8.85796      30.86411
       8.89396      30.86411
       8.92896      30.86411
       8.96496      30.86411
       8.99996      30.86411
       9.03496      30.86411
       9.07096      30.86411
       9.10596      30.86411
       9.14196      30.86411
       9.17696      30.86411
       9.21296      30.86411
       9.24796      30.86411
       9.28396      30.86411
       9.31896      30.86411
       9.35396      30.86411
       9.38996      30.86411
       9.42496      30.86411
       9.46096      30.86411
       9.49596      30.86411
       9.53196      30.86411
       9.56696      30.86411
       9.60296      30.86411
       9.63796      30.86411
       9.67296      30.86411
       9.70896      30.86411
       9.74396      30.86411
       9.77996      30.86411
       9.81496      30.86411
       9.85096      30.86411
       9.88596      30.86411
       9.92096      30.86411
       9.95696      30.86411
       9.99196      30.86411
      10.02796      30.86411
      10.06296      30.86411
      10.09896      30.86411
      10.13396      30.86411
      10.16996      30.86411
      10.20496      30.86411
      10.23996      30.86411
      10.27596      30.86411
      10.31096      30.86411
      10.34696      30.86411
      10.38196      30.86411
      10.41796      30.86411
      10.45296      30.86411
      10.48896      30.86411
      10.52396      30.86411
      10.55896      30.86411
      10.59496      30.86411
